373.25,201.301,760,428
133031516036799046,585.98,585.464,0.999027,0.0436865,-0.00651586,0.00278121,-0.0376326,0.919083,0.392269,0.0622038,0.0231279,-0.391641,0.919829,-0.157688,0,0,0,1
133031516037132244,585.98,585.464,0.99907,0.0428035,-0.00571778,0.00268263,-0.0371243,0.918952,0.392625,0.0621312,0.0220626,-0.392047,0.919682,-0.158122,0,0,0,1
133031516037465441,585.98,585.464,0.999114,0.0418941,-0.00462663,0.00247723,-0.0366845,0.918374,0.394016,0.0619227,0.0207586,-0.393496,0.919093,-0.158578,0,0,0,1
133031516037798636,586.156,585.632,0.999153,0.0410903,-0.00331607,0.00221103,-0.0364449,0.918044,0.394807,0.0618116,0.0192695,-0.39435,0.918759,-0.159011,0,0,0,1
133031516038131835,586.681,586.139,0.99919,0.0402745,-0.00192282,0.00185829,-0.0362445,0.918045,0.394821,0.0618428,0.017669,-0.39443,0.918758,-0.159503,0,0,0,1
133031516038465031,587.382,586.814,0.999225,0.0394378,-0.000654876,0.00146031,-0.0359801,0.918157,0.394586,0.0618998,0.0161654,-0.394255,0.91886,-0.160008,0,0,0,1
133031516038798229,587.907,587.32,0.999247,0.0388915,0.000213206,0.00101179,-0.0358174,0.918087,0.394765,0.0619452,0.0151598,-0.394473,0.918783,-0.160538,0,0,0,1
133031516039131426,588.433,587.826,0.999276,0.038119,0.000508219,0.000541806,-0.035225,0.918141,0.394692,0.0620511,0.0145814,-0.394422,0.918815,-0.161114,0,0,0,1
133031516039464623,588.958,588.333,0.999314,0.0371065,0.000994623,-2.80738e-05,-0.034498,0.918497,0.393929,0.0622125,0.0137063,-0.393692,0.919142,-0.161683,0,0,0,1
133031516039797820,589.309,588.67,0.999379,0.0352595,0.00219426,-0.000671625,-0.0332892,0.919086,0.392656,0.0624784,0.0118308,-0.392484,0.919684,-0.162428,0,0,0,1
133031516040131017,589.771,589.138,0.999442,0.0332346,0.00414544,-0.00129437,-0.0321979,0.919337,0.392159,0.0625651,0.00922486,-0.392073,0.919889,-0.163193,0,0,0,1
133031516040464214,590.233,589.606,0.999483,0.0317368,0.00569305,-0.00166941,-0.0314225,0.91912,0.392729,0.0624689,0.00723389,-0.392704,0.919638,-0.164011,0,0,0,1
133031516040797411,590.849,590.23,0.999492,0.0312494,0.00666136,-0.00173771,-0.0313521,0.918974,0.393078,0.0623159,0.00616431,-0.393086,0.919482,-0.164863,0,0,0,1
133031516041130608,591.157,590.541,0.99942,0.0334444,0.00688449,-0.00152957,-0.0334445,0.918121,0.394893,0.0620148,0.00688875,-0.394893,0.918703,-0.165606,0,0,0,1
133031516041463805,591.157,590.541,0.999358,0.0353802,0.00615302,-0.00125384,-0.0349264,0.917704,0.395734,0.0620096,0.00835711,-0.395694,0.918346,-0.16638,0,0,0,1
133031516041797002,591.157,590.541,0.999372,0.0351214,0.00528103,-0.00107282,-0.0343633,0.918584,0.393736,0.0622721,0.0089803,-0.393669,0.919209,-0.167221,0,0,0,1
133031516042130198,591.157,590.541,0.99935,0.0358256,0.00472468,-0.000874817,-0.0347789,0.918056,0.394928,0.0620878,0.00981346,-0.394834,0.918701,-0.167893,0,0,0,1
133031516042463397,591.157,590.541,0.999313,0.0367879,0.00518793,-0.000800431,-0.0358339,0.917538,0.396036,0.0619645,0.0098117,-0.395949,0.918222,-0.168519,0,0,0,1
133031516042796593,591.157,590.541,0.99931,0.0365461,0.00700277,-0.00086987,-0.0363426,0.918119,0.394642,0.062109,0.00799602,-0.394623,0.918809,-0.169197,0,0,0,1
133031516043129791,590.695,590.074,0.999274,0.0373406,0.00790486,-0.000751197,-0.0374231,0.917785,0.395316,0.0619654,0.00750926,-0.395324,0.918512,-0.169782,0,0,0,1
133031516043462987,590.079,589.45,0.999235,0.0386509,0.00649175,-0.000388384,-0.0380521,0.917082,0.396887,0.061725,0.00938892,-0.396829,0.917846,-0.170332,0,0,0,1
133031516043796184,589.617,588.982,0.999238,0.0387964,0.0049246,-3.91603e-05,-0.0375591,0.916932,0.397278,0.0616045,0.0109001,-0.397159,0.917686,-0.170873,0,0,0,1
133031516044129381,589.134,588.501,0.999223,0.0393873,0.00296819,0.000344276,-0.0373111,0.916529,0.398232,0.0613516,0.0129676,-0.398032,0.917281,-0.171332,0,0,0,1
133031516044462579,588.608,587.995,0.999204,0.0399666,0.000706315,0.000810742,-0.0369154,0.915842,0.399846,0.0609955,0.015336,-0.399552,0.916583,-0.171677,0,0,0,1
133031516044795776,588.083,587.489,0.999183,0.0404874,-0.000612646,0.00121558,-0.0368511,0.915492,0.400653,0.0607778,0.0167849,-0.400302,0.916231,-0.171931,0,0,0,1
133031516045128972,587.732,587.151,0.999129,0.0417478,-0.000971138,0.00161564,-0.0378501,0.915173,0.401281,0.0606623,0.0176421,-0.400895,0.915955,-0.172093,0,0,0,1
133031516045462170,587.207,586.645,0.999053,0.043484,-0.00174543,0.00206912,-0.0391191,0.914892,0.401799,0.0606171,0.0190695,-0.401351,0.915727,-0.172149,0,0,0,1
133031516045795367,586.681,586.139,0.999011,0.0444492,-0.00180998,0.00240493,-0.0400083,0.915495,0.400337,0.0608411,0.0194522,-0.399869,0.916367,-0.172255,0,0,0,1
133031516046128564,586.156,585.632,0.998996,0.0448053,-8.15988e-05,0.00246698,-0.0410592,0.91619,0.398635,0.0611089,0.0179363,-0.398232,0.91711,-0.172481,0,0,0,1
133031516046461761,586.156,585.632,0.998997,0.0447466,0.00198147,0.00247681,-0.0418352,0.916363,0.398157,0.0611658,0.0160012,-0.39784,0.917316,-0.17277,0,0,0,1
133031516046794957,585.98,585.464,0.999002,0.0445366,0.0035843,0.0024808,-0.0422796,0.916321,0.398207,0.0611231,0.0144509,-0.397961,0.91729,-0.173196,0,0,0,1
133031516047128155,585.98,585.464,0.999001,0.0444347,0.00490338,0.00253087,-0.0427083,0.916213,0.398411,0.0610406,0.0132112,-0.398222,0.917195,-0.173739,0,0,0,1
133031516047461352,585.98,585.464,0.998986,0.0446523,0.0058783,0.00261623,-0.043285,0.915835,0.399216,0.0608938,0.0124432,-0.399066,0.916839,-0.17436,0,0,0,1
133031516047794549,585.98,585.464,0.998978,0.0447747,0.00623751,0.0027172,-0.0435199,0.915145,0.40077,0.0606376,0.0122367,-0.400632,0.916158,-0.174949,0,0,0,1
133031516048127745,585.98,585.464,0.998987,0.0445625,0.00630537,0.0028103,-0.0433316,0.914449,0.402377,0.0603677,0.0121655,-0.402243,0.915453,-0.175492,0,0,0,1
133031516048460942,585.98,585.464,0.998986,0.0445266,0.00668603,0.00285435,-0.0434358,0.913902,0.403606,0.0601056,0.0118612,-0.403487,0.914909,-0.175942,0,0,0,1
133031516048794140,585.98,585.464,0.998971,0.0447696,0.0074082,0.00292552,-0.0439358,0.913396,0.404696,0.0598876,0.0113516,-0.404605,0.914422,-0.17632,0,0,0,1
133031516049127337,585.98,585.464,0.998926,0.0457709,0.00725171,0.00312561,-0.0447763,0.912952,0.405604,0.0596979,0.0119449,-0.405493,0.914021,-0.176628,0,0,0,1
133031516049460534,585.98,585.464,0.998864,0.0472834,0.00606215,0.00349832,-0.0456656,0.912587,0.406324,0.0595508,0.0136809,-0.406139,0.91371,-0.176877,0,0,0,1
133031516049793731,585.98,585.464,0.998809,0.0485353,0.00504485,0.00378525,-0.0463921,0.912438,0.406576,0.0594796,0.0151307,-0.406326,0.913603,-0.177144,0,0,0,1
133031516050126928,585.98,585.464,0.998772,0.0492897,0.00524217,0.00384504,-0.0471581,0.91231,0.406777,0.0594755,0.0152678,-0.406524,0.913513,-0.177413,0,0,0,1
133031516050460125,585.98,585.464,0.998781,0.0489242,0.00672406,0.00365192,-0.0474269,0.912306,0.406755,0.0595559,0.0137663,-0.406578,0.913513,-0.17767,0,0,0,1
133031516050793321,585.98,585.464,0.998823,0.0477243,0.00873068,0.00327694,-0.0471523,0.912509,0.406331,0.0597023,0.0114254,-0.406264,0.913685,-0.177971,0,0,0,1
133031516051126519,585.98,585.464,0.998877,0.0461163,0.0109465,0.0028879,-0.0465838,0.91255,0.406305,0.0597821,0.00874847,-0.406359,0.913673,-0.178265,0,0,0,1
133031516051459716,585.98,585.464,0.998915,0.0447237,0.0130529,0.00251424,-0.0461668,0.912525,0.406408,0.0598224,0.00626537,-0.406569,0.913599,-0.178614,0,0,0,1
133031516051792912,585.98,585.464,0.99893,0.043883,0.0146422,0.0022884,-0.0460454,0.912576,0.406306,0.0598609,0.00446826,-0.406545,0.913621,-0.178968,0,0,0,1
133031516052126110,585.98,585.464,0.99893,0.0436137,0.0154065,0.00223738,-0.0461085,0.91241,0.406672,0.0598144,0.00367981,-0.406948,0.913445,-0.179306,0,0,0,1
133031516052459307,585.98,585.464,0.998928,0.0436718,0.0153668,0.00233597,-0.0461427,0.912104,0.407355,0.0597349,0.00377426,-0.407628,0.913141,-0.179587,0,0,0,1
133031516052792504,585.98,585.464,0.998931,0.0437482,0.0149476,0.00251079,-0.0460399,0.911953,0.407703,0.059683,0.00420505,-0.407956,0.912993,-0.179817,0,0,0,1
133031516053125701,585.98,585.464,0.998939,0.0436441,0.0147372,0.00263125,-0.0458572,0.911776,0.40812,0.0596242,0.0043754,-0.408363,0.91281,-0.179967,0,0,0,1
133031516053458898,585.98,585.464,0.998948,0.0434171,0.0148163,0.00275022,-0.045682,0.911759,0.408179,0.0596431,0.00421333,-0.408426,0.912783,-0.180024,0,0,0,1
133031516053792095,585.98,585.464,0.998949,0.0433481,0.0149557,0.00290054,-0.0456774,0.91193,0.407796,0.0597163,0.00403962,-0.40805,0.912952,-0.180039,0,0,0,1
133031516054125292,585.98,585.464,0.998948,0.0434317,0.0147767,0.00309789,-0.045683,0.912118,0.407375,0.0597709,0.00421521,-0.407621,0.913142,-0.179993,0,0,0,1
133031516054458490,585.98,585.464,0.998951,0.0435819,0.0141101,0.00336015,-0.0455489,0.912175,0.407263,0.0597531,0.00487912,-0.407478,0.913203,-0.179902,0,0,0,1
133031516054791686,585.98,585.464,0.998949,0.0438744,0.0133058,0.00367111,-0.0454869,0.912079,0.407483,0.0596861,0.00574288,-0.40766,0.913117,-0.179757,0,0,0,1
133031516055124883,585.98,585.464,0.998935,0.0443946,0.012603,0.00398546,-0.0456766,0.912132,0.407343,0.0596745,0.00658864,-0.407485,0.913189,-0.179552,0,0,0,1
133031516055458081,585.98,585.464,0.998909,0.0451074,0.0121102,0.0042997,-0.0461336,0.912499,0.406469,0.0598349,0.00728485,-0.406585,0.913585,-0.17934,0,0,0,1
133031516055791278,585.98,585.464,0.998874,0.0460102,0.0116362,0.00461262,-0.0467745,0.912923,0.405445,0.0600643,0.00803205,-0.405532,0.914046,-0.179136,0,0,0,1
133031516056124475,585.98,585.464,0.99885,0.0466453,0.0111123,0.00491112,-0.0471489,0.913194,0.40479,0.0601561,0.00873438,-0.404848,0.914343,-0.178841,0,0,0,1
133031516056457671,585.98,585.464,0.998838,0.0470125,0.0106862,0.00514245,-0.0473153,0.913322,0.404482,0.0601919,0.00925612,-0.404517,0.914484,-0.178559,0,0,0,1
133031516056790868,585.98,585.464,0.998821,0.0473948,0.0105641,0.00532949,-0.0476179,0.913411,0.404244,0.060218,0.00951016,-0.40427,0.914591,-0.178288,0,0,0,1
133031516057124066,585.98,585.464,0.998814,0.047516,0.0106832,0.00547934,-0.0477798,0.913526,0.403963,0.0602385,0.00943592,-0.403994,0.914714,-0.177998,0,0,0,1
133031516057457262,585.98,585.464,0.998808,0.0476267,0.010692,0.00560993,-0.047886,0.913585,0.403817,0.0602,0.00946513,-0.403847,0.914778,-0.177716,0,0,0,1
133031516057790459,585.98,585.464,0.998806,0.0476694,0.0107576,0.00572246,-0.0479481,0.913441,0.404137,0.0601371,0.00943944,-0.40417,0.914636,-0.177415,0,0,0,1
133031516058123656,585.98,585.464,0.998802,0.047682,0.0110499,0.00584084,-0.0480746,0.913286,0.404473,0.0600463,0.00919506,-0.404519,0.914484,-0.176996,0,0,0,1
133031516058456854,585.98,585.464,0.998794,0.0477705,0.0113583,0.00594068,-0.0482854,0.913511,0.403938,0.0601249,0.00892082,-0.403999,0.914717,-0.176586,0,0,0,1
133031516058790051,585.98,585.464,0.998796,0.0476972,0.0115651,0.00604814,-0.0483101,0.913899,0.403059,0.0603181,0.00865573,-0.403132,0.915102,-0.176194,0,0,0,1
133031516059123248,585.98,585.464,0.998797,0.0476585,0.0116214,0.00618392,-0.0483049,0.914242,0.402281,0.0604712,0.00854784,-0.402358,0.915443,-0.175735,0,0,0,1
133031516059456445,585.98,585.464,0.998795,0.0476383,0.0118752,0.0063017,-0.048397,0.914652,0.401334,0.0606414,0.00825772,-0.401425,0.915856,-0.175298,0,0,0,1
133031516059789641,585.98,585.464,0.998789,0.0476653,0.0122476,0.00641614,-0.0485784,0.915002,0.400516,0.0607601,0.00788483,-0.400626,0.916208,-0.174867,0,0,0,1
133031516060122839,585.98,585.464,0.998778,0.0478375,0.0124048,0.00659627,-0.0488028,0.915179,0.400083,0.0608411,0.00778666,-0.4002,0.916395,-0.17447,0,0,0,1
133031516060456036,585.98,585.464,0.998768,0.0480899,0.0122754,0.00677967,-0.0489846,0.915292,0.399802,0.0608713,0.0079914,-0.399911,0.91652,-0.174093,0,0,0,1
133031516060789232,585.98,585.464,0.99876,0.0482991,0.012109,0.00694662,-0.0491101,0.915299,0.399772,0.0608784,0.00822574,-0.399871,0.916535,-0.173732,0,0,0,1
133031516061122430,585.98,585.464,0.998757,0.0484274,0.011866,0.00713354,-0.0491315,0.91535,0.399652,0.0609124,0.00849342,-0.399738,0.916591,-0.173393,0,0,0,1
133031516061455627,585.98,585.464,0.998765,0.0482785,0.0117548,0.00724995,-0.048955,0.91555,0.399215,0.0609445,0.00851163,-0.399298,0.916782,-0.173067,0,0,0,1
133031516061788823,585.98,585.464,0.99877,0.0480932,0.0120903,0.00728482,-0.0489198,0.915598,0.39911,0.0609542,0.00812513,-0.39921,0.916824,-0.172775,0,0,0,1
133031516062122021,585.98,585.464,0.998766,0.048045,0.012621,0.00734067,-0.0490877,0.915598,0.399088,0.0609649,0.00761867,-0.399215,0.916826,-0.172466,0,0,0,1
133031516062455218,585.98,585.464,0.998762,0.04808,0.0127593,0.00741518,-0.0491767,0.915677,0.398897,0.0610188,0.00749576,-0.399031,0.916908,-0.172232,0,0,0,1
133031516062788415,585.98,585.464,0.998767,0.0480601,0.0125338,0.00749999,-0.0490707,0.915804,0.398617,0.0610638,0.00767949,-0.39874,0.917033,-0.171975,0,0,0,1
133031516063121612,585.98,585.464,0.998766,0.048051,0.0125369,0.00757706,-0.0490679,0.916035,0.398087,0.0611262,0.00764513,-0.398211,0.917263,-0.171681,0,0,0,1
133031516063454809,585.98,585.464,0.998766,0.047925,0.0130555,0.00760597,-0.0491621,0.916209,0.397674,0.0612069,0.0070976,-0.397825,0.917434,-0.171423,0,0,0,1
133031516063788006,585.98,585.464,0.998765,0.0477717,0.0136813,0.00761265,-0.0492749,0.916482,0.397032,0.0613314,0.00642914,-0.397215,0.917704,-0.171199,0,0,0,1
133031516064121203,585.98,585.464,0.998762,0.0476748,0.0142393,0.00762016,-0.0494103,0.916662,0.396598,0.0614082,0.00585562,-0.39681,0.917883,-0.171002,0,0,0,1
133031516064454400,585.98,585.464,0.99876,0.0476565,0.0144361,0.00769311,-0.049472,0.916674,0.396562,0.0614331,0.0056659,-0.396784,0.917895,-0.170879,0,0,0,1
133031516064787597,585.98,585.464,0.998753,0.047881,0.0142083,0.00778306,-0.0495876,0.916668,0.396563,0.0613907,0.00596398,-0.396772,0.917899,-0.170786,0,0,0,1
133031516067453173,585.98,585.464,0.998737,0.0485321,0.0130737,0.00834519,-0.0497243,0.916073,0.397916,0.0611529,0.00733581,-0.398063,0.917329,-0.170497,0,0,0,1
133031516067786369,585.98,585.464,0.998739,0.0484373,0.0132041,0.00841492,-0.0496909,0.916161,0.39772,0.0612005,0.00716776,-0.397875,0.917413,-0.170525,0,0,0,1
133031516068119567,585.98,585.464,0.998736,0.0484335,0.0134486,0.00843745,-0.0497847,0.916162,0.397704,0.0612077,0.00694185,-0.397871,0.917416,-0.170542,0,0,0,1
133031516068452764,585.98,585.464,0.99873,0.0485282,0.0135563,0.00850308,-0.0499138,0.916122,0.39778,0.0612179,0.00688478,-0.397952,0.917381,-0.170598,0,0,0,1
133031516068785960,585.98,585.464,0.998724,0.04869,0.01346,0.00852996,-0.0500225,0.916038,0.39796,0.061232,0.00704718,-0.398126,0.917304,-0.170735,0,0,0,1
133031516069119158,585.98,585.464,0.998716,0.0488803,0.0133515,0.00857359,-0.0501517,0.915902,0.398256,0.0611706,0.0072386,-0.398414,0.917178,-0.170793,0,0,0,1
133031516069452355,585.98,585.464,0.998714,0.0489398,0.0132571,0.00857681,-0.0501665,0.915789,0.398516,0.0611437,0.00736314,-0.398668,0.917066,-0.170929,0,0,0,1
133031516069785552,585.98,585.464,0.998723,0.0487675,0.0132556,0.00858235,-0.0500057,0.915677,0.398792,0.0610988,0.00731084,-0.398946,0.916946,-0.171031,0,0,0,1
133031516070118749,585.98,585.464,0.998735,0.0484869,0.0134055,0.00852644,-0.0498054,0.915528,0.399159,0.0610732,0.00708136,-0.399322,0.916785,-0.171183,0,0,0,1
133031516070451946,585.98,585.464,0.998739,0.0483423,0.0136141,0.00848341,-0.0497551,0.915468,0.399305,0.0610335,0.00684032,-0.399478,0.916717,-0.171291,0,0,0,1
133031516070785143,585.98,585.464,0.998738,0.0483506,0.0136483,0.00843829,-0.0497744,0.915356,0.399556,0.0609775,0.00682625,-0.399731,0.916608,-0.171345,0,0,0,1
133031516071118340,585.98,585.464,0.998738,0.0483868,0.0134656,0.00836313,-0.0497315,0.91518,0.399966,0.0609921,0.00703025,-0.400131,0.916431,-0.1715,0,0,0,1
133031516071451537,585.98,585.464,0.998744,0.048308,0.0133328,0.00827837,-0.0496066,0.915212,0.399908,0.0610178,0.00711697,-0.400067,0.916459,-0.171547,0,0,0,1
133031516071784734,585.98,585.464,0.998754,0.0480244,0.0136023,0.00814998,-0.0494581,0.915435,0.399417,0.061107,0.0067305,-0.399592,0.916669,-0.171583,0,0,0,1
133031516072117930,585.98,585.464,0.998758,0.0478094,0.014086,0.00797331,-0.049455,0.915489,0.399292,0.061123,0.00619477,-0.399493,0.916716,-0.171661,0,0,0,1
133031516072451128,585.98,585.464,0.998766,0.0475677,0.0143049,0.00780076,-0.0493176,0.915264,0.399827,0.0610457,0.00592691,-0.400039,0.91648,-0.171788,0,0,0,1
133031516072784324,585.98,585.464,0.99879,0.0471466,0.0140332,0.00767595,-0.0488209,0.915144,0.400161,0.0609902,0.00602409,-0.400362,0.916338,-0.171919,0,0,0,1
133031516073117522,585.98,585.464,0.998807,0.0468486,0.0138128,0.00756133,-0.0484599,0.915185,0.400111,0.0609602,0.0061039,-0.400303,0.916363,-0.172045,0,0,0,1
133031516073450719,585.98,585.464,0.998825,0.0464954,0.0137495,0.00746173,-0.0481084,0.91504,0.400484,0.0608857,0.00603998,-0.400675,0.916201,-0.172191,0,0,0,1
133031516073783916,585.98,585.464,0.998836,0.0464188,0.0131878,0.00745291,-0.0478095,0.914836,0.400985,0.0608124,0.00654927,-0.401149,0.91599,-0.172296,0,0,0,1
133031516074117113,585.98,585.464,0.998846,0.0463879,0.0125312,0.00743222,-0.0475176,0.914825,0.401045,0.060832,0.00714019,-0.401177,0.915973,-0.172381,0,0,0,1
133031516074450310,585.98,585.464,0.998849,0.0463742,0.0123065,0.00739485,-0.0474212,0.915175,0.400258,0.0609567,0.00729969,-0.400381,0.91632,-0.172424,0,0,0,1
133031516074783507,585.98,585.464,0.998841,0.0464742,0.0125685,0.0073446,-0.0476244,0.91554,0.399397,0.0610993,0.00705531,-0.399533,0.916692,-0.172462,0,0,0,1
133031516075116704,585.98,585.464,0.99883,0.0466866,0.0126738,0.00729066,-0.0478624,0.915608,0.399214,0.0611894,0.00703436,-0.399353,0.916771,-0.172528,0,0,0,1
133031516075449901,585.98,585.464,0.998829,0.0467771,0.0124374,0.00727552,-0.0478531,0.915718,0.398962,0.0612907,0.00727379,-0.399089,0.916884,-0.172532,0,0,0,1
133031516075783097,585.98,585.464,0.998829,0.0466967,0.0127069,0.00713366,-0.0478923,0.916028,0.398246,0.0614106,0.00695777,-0.398389,0.917191,-0.172543,0,0,0,1
133031516076116295,585.98,585.464,0.998828,0.0465954,0.0131388,0.00693256,-0.0479747,0.916217,0.397801,0.0615545,0.0064984,-0.397965,0.917378,-0.172572,0,0,0,1
133031516076449491,585.98,585.464,0.998853,0.0459632,0.0134495,0.00664264,-0.0475224,0.916514,0.397169,0.061696,0.0059292,-0.397353,0.917647,-0.172665,0,0,0,1
133031516076782689,585.98,585.464,0.998884,0.0450543,0.0142209,0.00627899,-0.0469976,0.916749,0.396689,0.0617511,0.00483614,-0.396915,0.917843,-0.172728,0,0,0,1
133031516077115886,585.98,585.464,0.998892,0.0444815,0.0153791,0.00592726,-0.0469315,0.916764,0.396663,0.0617049,0.00354567,-0.396945,0.917836,-0.172848,0,0,0,1
133031516077449083,585.98,585.464,0.998873,0.0447763,0.0157716,0.00575709,-0.0473555,0.916429,0.397386,0.061559,0.00334057,-0.397685,0.917517,-0.172991,0,0,0,1
133031516077782280,585.98,585.464,0.998849,0.0455804,0.0149387,0.00576556,-0.0477578,0.916034,0.398247,0.0613594,0.00446823,-0.398503,0.917157,-0.173116,0,0,0,1
133031516078115477,585.98,585.464,0.998825,0.0463082,0.0143767,0.0057525,-0.0481996,0.915881,0.398546,0.0613072,0.00528911,-0.398771,0.917036,-0.173251,0,0,0,1
133031516078448673,585.98,585.464,0.998787,0.0469534,0.014874,0.00560218,-0.0489906,0.91592,0.39836,0.0613327,0.0050813,-0.398605,0.917109,-0.173381,0,0,0,1
133031516078781870,585.98,585.464,0.998756,0.0472892,0.0158812,0.00532675,-0.0497007,0.915953,0.398196,0.0614142,0.00428456,-0.39849,0.917163,-0.173568,0,0,0,1
133031516079115068,585.98,585.464,0.998746,0.0473199,0.0163861,0.00503498,-0.0499309,0.916039,0.397969,0.0615334,0.00382209,-0.398288,0.917253,-0.173761,0,0,0,1
133031516079448265,585.98,585.464,0.998765,0.0470647,0.0159657,0.00474596,-0.04953,0.916107,0.397864,0.061614,0.00409946,-0.398163,0.917306,-0.17398,0,0,0,1
133031516079781461,585.98,585.464,0.998798,0.0464112,0.0158363,0.00438046,-0.0488812,0.916363,0.397355,0.0617507,0.00393033,-0.397651,0.917529,-0.1742,0,0,0,1
133031516080114660,585.98,585.464,0.998818,0.0457633,0.016425,0.00395101,-0.0485235,0.91673,0.39655,0.0619026,0.00309068,-0.396878,0.917867,-0.174479,0,0,0,1
133031516080447856,585.98,585.464,0.998814,0.0457557,0.016688,0.00363564,-0.04862,0.916599,0.396841,0.0618609,0.00286189,-0.397181,0.917737,-0.174758,0,0,0,1
133031516080781053,585.98,585.464,0.998806,0.0462834,0.0156507,0.00351536,-0.0486885,0.916214,0.397721,0.0617249,0.00406894,-0.398008,0.917374,-0.175027,0,0,0,1
133031516081114249,585.98,585.464,0.998799,0.0469571,0.014,0.00346792,-0.0486454,0.915926,0.39839,0.0615796,0.00588495,-0.398592,0.91711,-0.175288,0,0,0,1
133031516081447447,585.98,585.464,0.998788,0.0475997,0.0125815,0.00338507,-0.0486609,0.915472,0.399428,0.0614182,0.00749505,-0.399556,0.916679,-0.175481,0,0,0,1
133031516081780644,585.98,585.464,0.998794,0.047792,0.0112622,0.00327849,-0.0483029,0.915157,0.400195,0.0613346,0.00881979,-0.400257,0.916361,-0.175576,0,0,0,1
133031516082113841,585.98,585.464,0.998808,0.0477436,0.0101729,0.00310564,-0.0478241,0.915249,0.400042,0.0614385,0.00978947,-0.400051,0.916441,-0.175584,0,0,0,1
133031516082447038,585.98,585.464,0.99883,0.0473805,0.00974929,0.00284791,-0.0473376,0.915902,0.398602,0.0617599,0.00995693,-0.398597,0.917073,-0.175553,0,0,0,1
133031516082780235,585.98,585.464,0.998858,0.0466165,0.0105014,0.00243372,-0.0469579,0.91686,0.396439,0.0621872,0.00885272,-0.396479,0.918001,-0.175595,0,0,0,1
133031516083113432,585.98,585.464,0.998878,0.0459784,0.0114012,0.00205952,-0.0467381,0.917341,0.39535,0.0624276,0.00771937,-0.39544,0.91846,-0.175603,0,0,0,1
133031516083446629,585.98,585.464,0.998903,0.045462,0.011319,0.00180286,-0.0462407,0.91786,0.394202,0.0626507,0.00753278,-0.394292,0.918955,-0.175711,0,0,0,1
133031516083779827,585.98,585.464,0.998909,0.0454476,0.0108104,0.00172687,-0.046036,0.918316,0.393163,0.0628285,0.00794145,-0.393231,0.919406,-0.175872,0,0,0,1
133031516084113023,585.98,585.464,0.998882,0.0461506,0.0102605,0.00179803,-0.0464684,0.918397,0.392922,0.0629016,0.00871086,-0.39296,0.919515,-0.176047,0,0,0,1
133031516084446219,585.98,585.464,0.998832,0.0473559,0.00963974,0.00193512,-0.0473364,0.918504,0.39257,0.0630419,0.00973704,-0.392568,0.919672,-0.176266,0,0,0,1
133031516084779417,585.98,585.464,0.998788,0.04845,0.00873768,0.0020954,-0.048,0.918881,0.391606,0.0632692,0.0109448,-0.39155,0.920092,-0.176567,0,0,0,1
133031516085112615,585.98,585.464,0.998788,0.0485965,0.00787336,0.00220597,-0.0478041,0.919148,0.391001,0.0633942,0.011765,-0.390904,0.920357,-0.176906,0,0,0,1
133031516085445811,585.98,585.464,0.998791,0.0486485,0.00715584,0.00229836,-0.0475609,0.918833,0.391771,0.0633139,0.0124848,-0.391638,0.920035,-0.177207,0,0,0,1
133031516085779008,585.98,585.464,0.998792,0.0487069,0.00656694,0.00240821,-0.0473775,0.918645,0.392234,0.0633222,0.0130726,-0.392072,0.919842,-0.177489,0,0,0,1
133031516086112205,585.98,585.464,0.998796,0.0486906,0.00602549,0.00252825,-0.0471613,0.918972,0.391494,0.0635431,0.0135253,-0.391307,0.920161,-0.177858,0,0,0,1
133031516086445403,585.98,585.464,0.998783,0.0489965,0.0057117,0.00270939,-0.0473272,0.919164,0.391023,0.063699,0.0139094,-0.390817,0.920364,-0.178162,0,0,0,1
133031516086778598,585.98,585.464,0.998755,0.0496101,0.00540593,0.00297737,-0.0477808,0.91937,0.390482,0.0638309,0.0144022,-0.390253,0.920596,-0.178451,0,0,0,1
