373.25,201.301,760,428
133032274099654358,587.207,586.645,0.999603,0.0140571,0.0245431,0.0150394,-0.0246454,0.858637,0.511994,0.0327601,-0.0138754,-0.512393,0.85864,-0.174719,0,0,0,1
133032274099987556,587.732,587.151,0.999592,0.0145853,0.0246643,0.0152123,-0.025167,0.858405,0.512358,0.0326744,-0.0136978,-0.512768,0.85842,-0.174945,0,0,0,1
133032274100320753,588.083,587.489,0.999587,0.0158342,0.0241112,0.015413,-0.0259629,0.85809,0.512846,0.0325891,-0.0125679,-0.513258,0.858144,-0.175131,0,0,0,1
133032274100653951,588.608,587.995,0.999599,0.0170523,0.0227365,0.015533,-0.02631,0.857733,0.513424,0.0326366,-0.0107456,-0.513815,0.857836,-0.175379,0,0,0,1
133032274100987147,589.134,588.501,0.999611,0.0160952,0.0229109,0.0152881,-0.0255515,0.858964,0.511402,0.0329807,-0.0114473,-0.511786,0.859038,-0.175965,0,0,0,1
133032274101320346,589.617,588.982,0.999602,0.0147254,0.0241478,0.0148783,-0.0250006,0.859264,0.510925,0.0330154,-0.0132246,-0.511323,0.859288,-0.176607,0,0,0,1
133032274101653543,590.079,589.45,0.999608,0.0147104,0.0239484,0.0146835,-0.0249155,0.858086,0.512905,0.0327487,-0.0130033,-0.513299,0.858113,-0.177199,0,0,0,1
133032274101986740,590.695,590.074,0.999637,0.0150067,0.0225154,0.0146441,-0.0244392,0.857871,0.513288,0.0326599,-0.0116115,-0.51365,0.857923,-0.177955,0,0,0,1
133032274102319938,591.157,590.541,0.999669,0.0147161,0.0212272,0.0146141,-0.0235291,0.857848,0.513368,0.0325716,-0.0106538,-0.513695,0.857908,-0.178784,0,0,0,1
133032274102653135,591.619,591.009,0.999682,0.0155761,0.0199745,0.0146484,-0.0236423,0.856773,0.515154,0.0322431,-0.00908813,-0.515461,0.856867,-0.179418,0,0,0,1
133032274102986332,592.081,591.477,0.999684,0.0164969,0.0191151,0.0146394,-0.0240038,0.855745,0.516843,0.0320404,-0.00783035,-0.517136,0.855869,-0.180047,0,0,0,1
133032274103319530,592.081,591.477,0.999674,0.0159563,0.0200721,0.0144801,-0.0240186,0.856762,0.515154,0.0320911,-0.00897589,-0.515466,0.856865,-0.18087,0,0,0,1
133032274103652728,592.081,591.477,0.999666,0.0169994,0.0195871,0.0145967,-0.0246838,0.855361,0.517447,0.0316491,-0.00795624,-0.517755,0.855493,-0.181319,0,0,0,1
133032274103985925,592.081,591.477,0.999675,0.0189634,0.0171869,0.0149055,-0.0251381,0.853572,0.52037,0.0312704,-0.00480121,-0.520631,0.85377,-0.181586,0,0,0,1
133032274104319122,592.081,591.477,0.999678,0.0193437,0.0165807,0.0149193,-0.0251408,0.85435,0.519093,0.0314568,-0.00412318,-0.51934,0.854559,-0.181959,0,0,0,1
133032274104652320,592.081,591.477,0.999669,0.0193025,0.0171744,0.0147243,-0.0254107,0.854747,0.518425,0.0316653,-0.00467202,-0.518688,0.854953,-0.182196,0,0,0,1
133032274104985517,591.619,591.009,0.999672,0.0189679,0.017242,0.0144794,-0.0251581,0.854964,0.518078,0.0317944,-0.00491446,-0.518342,0.855161,-0.182338,0,0,0,1
133032274105318714,591.157,590.541,0.99969,0.0177515,0.017513,0.0141132,-0.0242531,0.855466,0.517293,0.0320396,-0.00579911,-0.517557,0.855631,-0.182514,0,0,0,1
133032274105651912,590.695,590.074,0.999697,0.015737,0.0190264,0.0136187,-0.0232965,0.856521,0.515589,0.0323439,-0.00818339,-0.515875,0.856627,-0.182787,0,0,0,1
133032274105985109,590.079,589.45,0.999651,0.0142525,0.0223046,0.0130396,-0.0237029,0.857082,0.514636,0.0324917,-0.0117825,-0.514984,0.857121,-0.18308,0,0,0,1
133032274106318307,589.617,588.982,0.999578,0.013799,0.0256273,0.0125947,-0.0250334,0.856784,0.51507,0.0324219,-0.0148501,-0.515493,0.856767,-0.18329,0,0,0,1
133032274106651504,589.134,588.501,0.999541,0.0139573,0.0269311,0.0125194,-0.0258565,0.856279,0.515868,0.0322903,-0.0158607,-0.516327,0.856247,-0.183457,0,0,0,1
133032274106984701,588.608,587.995,0.99954,0.014795,0.0265184,0.0127428,-0.0263674,0.856038,0.516243,0.0322592,-0.0150632,-0.516704,0.856034,-0.183627,0,0,0,1
133032274107317899,588.083,587.489,0.999538,0.0162197,0.0257452,0.0130577,-0.0271863,0.856073,0.516141,0.0323536,-0.0136686,-0.516603,0.856118,-0.183749,0,0,0,1
133032274107651096,587.732,587.151,0.999522,0.0173591,0.0256213,0.0133002,-0.0280924,0.85627,0.515766,0.0325165,-0.0129859,-0.516239,0.856348,-0.183795,0,0,0,1
133032274107984293,587.207,586.645,0.999508,0.0179351,0.025774,0.0134542,-0.0286566,0.85658,0.51522,0.0326938,-0.0128372,-0.515705,0.856672,-0.183777,0,0,0,1
133032274108317491,587.207,586.645,0.999491,0.0179025,0.0264287,0.0134926,-0.028951,0.857162,0.514235,0.0329016,-0.0134479,-0.514738,0.857244,-0.183731,0,0,0,1
133032274108650688,586.681,586.139,0.999465,0.0178,0.0275001,0.0134606,-0.0294025,0.857585,0.513504,0.0330737,-0.0144436,-0.514037,0.857648,-0.183674,0,0,0,1
133032274108983885,586.156,585.632,0.999431,0.0175494,0.0288408,0.0133927,-0.0298681,0.857865,0.513008,0.0331538,-0.0157389,-0.513577,0.857901,-0.183596,0,0,0,1
133032274109317083,585.98,585.464,0.99939,0.0177195,0.0301433,0.0133562,-0.0306791,0.857964,0.512796,0.0331715,-0.0167757,-0.513407,0.857983,-0.183498,0,0,0,1
133032274109650280,585.98,585.464,0.999357,0.0177881,0.0311933,0.0133812,-0.0312717,0.858102,0.512529,0.0331878,-0.0176503,-0.513174,0.858106,-0.183423,0,0,0,1
133032274109983477,585.98,585.464,0.999345,0.0181583,0.03135,0.0135667,-0.031674,0.857981,0.512706,0.0331647,-0.0175882,-0.513363,0.857994,-0.183336,0,0,0,1
133032274110316674,585.98,585.464,0.999359,0.0187182,0.0305492,0.0139167,-0.0317484,0.857813,0.512982,0.0331255,-0.0166035,-0.513623,0.857858,-0.183224,0,0,0,1
133032274110649871,585.98,585.464,0.999384,0.0196896,0.0291101,0.0143669,-0.0318461,0.857702,0.513162,0.0330573,-0.0148641,-0.513772,0.8578,-0.183016,0,0,0,1
133032274110983070,585.98,585.464,0.999408,0.0208512,0.0273974,0.0148196,-0.0319655,0.857578,0.513361,0.0329881,-0.0127914,-0.513933,0.857737,-0.182788,0,0,0,1
133032274111316267,585.98,585.464,0.999424,0.0217404,0.026114,0.0151575,-0.0320649,0.857756,0.513057,0.0330147,-0.0112458,-0.513598,0.85796,-0.182558,0,0,0,1
133032274111649464,585.98,585.464,0.999433,0.0219337,0.0256343,0.0152729,-0.0319719,0.858348,0.512073,0.0331734,-0.0107721,-0.512601,0.858562,-0.182435,0,0,0,1
133032274111982662,585.98,585.464,0.999436,0.0214324,0.0259147,0.0152521,-0.0316778,0.858693,0.511513,0.0332631,-0.0112904,-0.512044,0.858887,-0.182377,0,0,0,1
133032274112315859,585.98,585.464,0.999442,0.0205601,0.0263763,0.0151818,-0.0311685,0.858552,0.51178,0.0332252,-0.0121234,-0.512316,0.858714,-0.182354,0,0,0,1
133032274112649057,585.98,585.464,0.999445,0.0199576,0.026721,0.0151408,-0.030834,0.858306,0.512212,0.0331509,-0.0127124,-0.512751,0.858445,-0.182382,0,0,0,1
133032274112982253,585.98,585.464,0.999443,0.0202027,0.0266089,0.0152273,-0.030989,0.858214,0.512358,0.0331032,-0.0124852,-0.512896,0.858362,-0.182501,0,0,0,1
133032274113315451,585.98,585.464,0.999438,0.0211739,0.0260421,0.0154414,-0.0315375,0.857967,0.512738,0.0329961,-0.0114872,-0.513271,0.858152,-0.182703,0,0,0,1
133032274113648649,585.98,585.464,0.999442,0.0218963,0.0252921,0.0156288,-0.0317812,0.857526,0.513461,0.0327964,-0.0104461,-0.513978,0.857742,-0.182964,0,0,0,1
133032274113981846,585.98,585.464,0.999446,0.022273,0.0247842,0.0157409,-0.0318546,0.856919,0.514467,0.0325529,-0.00977939,-0.514971,0.857154,-0.183237,0,0,0,1
133032274114315043,585.98,585.464,0.999443,0.0220471,0.0251011,0.0157163,-0.0318366,0.856302,0.515496,0.0323687,-0.010129,-0.516007,0.856526,-0.183472,0,0,0,1
133032274114648240,585.98,585.464,0.99944,0.0214647,0.0257201,0.0156305,-0.0316624,0.856057,0.515912,0.0322823,-0.0109442,-0.516437,0.856257,-0.183657,0,0,0,1
133032274114981437,585.98,585.464,0.99944,0.0207997,0.0262531,0.0155475,-0.0313671,0.856112,0.515839,0.0322734,-0.0117466,-0.516373,0.856285,-0.183875,0,0,0,1
133032274115314635,585.98,585.464,0.999425,0.0208251,0.0267788,0.0155792,-0.0316609,0.856091,0.515857,0.0322569,-0.0121828,-0.516408,0.856258,-0.184066,0,0,0,1
133032274115647832,585.98,585.464,0.999416,0.0213901,0.026709,0.0157032,-0.032111,0.855974,0.516023,0.0322236,-0.0118248,-0.516578,0.856161,-0.184272,0,0,0,1
133032274115981029,585.98,585.464,0.999426,0.0221019,0.025709,0.0159371,-0.0322044,0.855954,0.51605,0.0321898,-0.0106008,-0.516581,0.856174,-0.184485,0,0,0,1
133032274116314227,585.98,585.464,0.999442,0.0227246,0.0245028,0.0162008,-0.0321158,0.855865,0.516203,0.0321428,-0.0092406,-0.516702,0.856118,-0.184729,0,0,0,1
133032274116647425,585.98,585.464,0.999445,0.0232996,0.0238293,0.0163636,-0.0322619,0.855753,0.516379,0.032074,-0.00836092,-0.516861,0.85603,-0.185011,0,0,0,1
133032274116980622,585.98,585.464,0.999438,0.0237182,0.0237355,0.0164607,-0.0325761,0.855461,0.516844,0.0319556,-0.00804627,-0.517326,0.855753,-0.185246,0,0,0,1
133032274117313820,585.98,585.464,0.999435,0.0239026,0.0236576,0.0164692,-0.0326996,0.855056,0.517506,0.0318695,-0.00785881,-0.517987,0.855354,-0.185471,0,0,0,1
133032274117647017,585.98,585.464,0.999447,0.0237059,0.0233622,0.0164368,-0.0323782,0.855082,0.517484,0.0318627,-0.0077095,-0.517953,0.855376,-0.185662,0,0,0,1
133032274117980214,585.98,585.464,0.999459,0.0233079,0.02325,0.0163248,-0.0319813,0.854991,0.517659,0.0318289,-0.00781336,-0.518122,0.855273,-0.185857,0,0,0,1
133032274118313412,585.98,585.464,0.999464,0.0228839,0.0234545,0.0161383,-0.0317299,0.854658,0.518223,0.0317094,-0.00818691,-0.518689,0.854926,-0.185982,0,0,0,1
133032274118646609,585.98,585.464,0.999475,0.022063,0.0237726,0.0158997,-0.0311978,0.854397,0.518684,0.0316404,-0.00886789,-0.519153,0.854637,-0.186089,0,0,0,1
133032274118979807,585.98,585.464,0.99948,0.0213383,0.0242033,0.0156391,-0.030802,0.854414,0.51868,0.0316425,-0.00961226,-0.519156,0.854628,-0.18614,0,0,0,1
133032274119313004,585.98,585.464,0.99948,0.0211106,0.024421,0.0154355,-0.0307223,0.85432,0.518841,0.0316385,-0.00991076,-0.519322,0.854523,-0.186142,0,0,0,1
133032274119646201,585.98,585.464,0.999492,0.0207603,0.0242282,0.0152869,-0.0303214,0.85439,0.518748,0.0316246,-0.00993127,-0.519218,0.854586,-0.18608,0,0,0,1
133032274119979398,585.98,585.464,0.999507,0.0205789,0.0237438,0.0151887,-0.0299165,0.854323,0.518883,0.0315837,-0.00960729,-0.519338,0.854517,-0.185969,0,0,0,1
133032274120312596,585.98,585.464,0.999519,0.020191,0.0236047,0.0150597,-0.0295089,0.854543,0.518544,0.031619,-0.0097017,-0.518991,0.854727,-0.185838,0,0,0,1
133032274120645793,585.98,585.464,0.999523,0.0198378,0.023715,0.0149257,-0.0292598,0.85477,0.518183,0.0317096,-0.00999188,-0.518629,0.854943,-0.185684,0,0,0,1
133032274120978991,585.98,585.464,0.999523,0.0194944,0.024001,0.0148273,-0.0291041,0.855291,0.517333,0.0318278,-0.010443,-0.517784,0.85545,-0.185559,0,0,0,1
133032274121312188,585.98,585.464,0.999512,0.0195948,0.0243774,0.0147796,-0.0293818,0.855426,0.517092,0.0318555,-0.010721,-0.517556,0.855585,-0.185441,0,0,0,1
133032274121645386,585.98,585.464,0.999505,0.0196685,0.0246152,0.0147676,-0.0295702,0.855321,0.517257,0.0318386,-0.0108805,-0.517728,0.855478,-0.185314,0,0,0,1
133032274121978583,585.98,585.464,0.999507,0.0196401,0.0245545,0.0148222,-0.0295119,0.855452,0.517042,0.0318803,-0.0108508,-0.517512,0.85561,-0.185189,0,0,0,1
133032274122311779,585.98,585.464,0.999504,0.019829,0.0244985,0.0149097,-0.0296416,0.855585,0.516814,0.0319458,-0.0107131,-0.517283,0.855749,-0.185088,0,0,0,1
133032274122644977,585.98,585.464,0.999496,0.02017,0.0245577,0.0150096,-0.0299595,0.855798,0.516444,0.0319805,-0.0106,-0.516919,0.855971,-0.185003,0,0,0,1
133032274122978175,585.98,585.464,0.999486,0.0207453,0.0244855,0.0151553,-0.030417,0.855676,0.51662,0.0319465,-0.0102344,-0.517098,0.855867,-0.184919,0,0,0,1
133032274123311372,585.98,585.464,0.999483,0.0215053,0.0239596,0.0153518,-0.0307997,0.855425,0.517012,0.031876,-0.00937727,-0.517483,0.855644,-0.184847,0,0,0,1
133032274123644569,585.98,585.464,0.999484,0.0222661,0.0232034,0.0155444,-0.0310622,0.855246,0.517292,0.0317907,-0.00832671,-0.517745,0.855497,-0.184789,0,0,0,1
133032274123977767,585.98,585.464,0.999487,0.0228992,0.0224571,0.0156944,-0.0312189,0.855135,0.517466,0.0317133,-0.00735468,-0.517901,0.855411,-0.184728,0,0,0,1
133032274124310963,585.98,585.464,0.99949,0.0232072,0.0219736,0.0157957,-0.0312354,0.854892,0.517867,0.0316167,-0.00676706,-0.518288,0.855181,-0.184606,0,0,0,1
133032274124644162,585.98,585.464,0.999487,0.0232306,0.0220985,0.0157819,-0.0313229,0.85466,0.518244,0.0315523,-0.00684756,-0.51867,0.85495,-0.184511,0,0,0,1
133032274124977359,585.98,585.464,0.999469,0.0235676,0.0225291,0.0157075,-0.0318345,0.854655,0.518221,0.0315916,-0.0070416,-0.518663,0.854952,-0.184454,0,0,0,1
133032274125310557,585.98,585.464,0.999472,0.0235352,0.0224638,0.0156598,-0.0317716,0.85475,0.518069,0.0315927,-0.00700843,-0.518508,0.855046,-0.184352,0,0,0,1
133032274125643753,585.98,585.464,0.99949,0.0234526,0.0217103,0.015645,-0.031314,0.854461,0.518572,0.0315083,-0.00638893,-0.518987,0.85476,-0.184223,0,0,0,1
133032274125976950,585.98,585.464,0.999506,0.0231869,0.0212829,0.0155921,-0.0308654,0.854452,0.518615,0.0314968,-0.00616026,-0.519015,0.854745,-0.184037,0,0,0,1
133032274126310147,585.98,585.464,0.999508,0.0227715,0.0216449,0.0154283,-0.0306948,0.854715,0.518191,0.0315186,-0.0067004,-0.5186,0.854993,-0.183852,0,0,0,1
133032274126643346,585.98,585.464,0.999508,0.0221371,0.022296,0.0152371,-0.0304923,0.854564,0.518451,0.0314717,-0.00757676,-0.518875,0.854819,-0.183679,0,0,0,1
133032274126976542,585.98,585.464,0.999504,0.0217248,0.0228697,0.0150874,-0.0304393,0.854455,0.518635,0.0314096,-0.0082742,-0.519073,0.854692,-0.183464,0,0,0,1
133032274127309740,585.98,585.464,0.999505,0.0216077,0.0228997,0.0150166,-0.0303496,0.854788,0.51809,0.0314769,-0.00838012,-0.518529,0.855021,-0.183344,0,0,0,1
133032274127642938,585.98,585.464,0.999514,0.0214379,0.0226696,0.0150158,-0.0300799,0.855109,0.517577,0.0315887,-0.0082894,-0.518007,0.855338,-0.183283,0,0,0,1
133032274127976135,585.98,585.464,0.999514,0.0213888,0.0227457,0.0150082,-0.0300749,0.855254,0.517337,0.0316274,-0.00838825,-0.517768,0.855482,-0.183245,0,0,0,1
133032274128309333,585.98,585.464,0.999505,0.0212341,0.0232875,0.0149446,-0.0302261,0.855092,0.517596,0.031576,-0.00892273,-0.518043,0.85531,-0.183242,0,0,0,1
133032274128642530,585.98,585.464,0.9995,0.0209392,0.0237582,0.0149095,-0.0302228,0.854805,0.518071,0.0314957,-0.00946108,-0.518529,0.85501,-0.183234,0,0,0,1
133032274128975726,585.98,585.464,0.999501,0.0207672,0.0238634,0.0149417,-0.0301335,0.854642,0.518344,0.0314658,-0.00963062,-0.518803,0.854842,-0.183226,0,0,0,1
133032274129308924,585.98,585.464,0.999504,0.0207559,0.0237479,0.0150137,-0.0300646,0.854608,0.518404,0.0314795,-0.00953555,-0.51886,0.854808,-0.183212,0,0,0,1
133032274129642121,585.98,585.464,0.999503,0.0208047,0.0237451,0.0151031,-0.0301034,0.854677,0.518289,0.0314866,-0.00951198,-0.518745,0.854878,-0.18322,0,0,0,1
133032274129975319,585.98,585.464,0.999497,0.020929,0.0238846,0.0152175,-0.0302862,0.854457,0.518641,0.0314274,-0.00955412,-0.519103,0.854661,-0.183255,0,0,0,1
133032274130308516,585.98,585.464,0.999486,0.0212093,0.0241117,0.0153456,-0.0306471,0.854243,0.518971,0.0313948,-0.0095906,-0.519443,0.854454,-0.183348,0,0,0,1
133032274130641714,585.98,585.464,0.999472,0.021828,0.0241234,0.0155301,-0.0311833,0.854157,0.519081,0.0313757,-0.00927508,-0.519558,0.854387,-0.18345,0,0,0,1
133032274130974911,585.98,585.464,0.999473,0.0221435,0.0237931,0.0157144,-0.0312841,0.853992,0.519346,0.0313085,-0.0088194,-0.519816,0.854235,-0.183605,0,0,0,1
133032274131308109,585.98,585.464,0.99948,0.0223672,0.0232732,0.0158889,-0.0312127,0.8535,0.520159,0.0311522,-0.00822923,-0.520615,0.853754,-0.183738,0,0,0,1
133032274131641305,585.98,585.464,0.99948,0.0225381,0.023104,0.0159883,-0.0312763,0.853118,0.520782,0.0310098,-0.00797313,-0.521233,0.853379,-0.183837,0,0,0,1
133032274131974503,585.98,585.464,0.99948,0.0223353,0.0232832,0.0160005,-0.0311996,0.852938,0.521081,0.0309576,-0.00822067,-0.521536,0.853191,-0.183872,0,0,0,1
133032274132307700,585.98,585.464,0.999489,0.0217867,0.023431,0.0159576,-0.0308089,0.85293,0.521118,0.0309791,-0.00863218,-0.521573,0.853165,-0.183881,0,0,0,1
133032274132640898,585.98,585.464,0.999492,0.0213257,0.0237369,0.0159092,-0.0305733,0.85304,0.52095,0.0310349,-0.00913918,-0.521411,0.853259,-0.183826,0,0,0,1
133032274132974095,585.98,585.464,0.99949,0.0210791,0.0240375,0.0158806,-0.0305143,0.853335,0.52047,0.0311225,-0.00954157,-0.520938,0.853543,-0.183764,0,0,0,1
133032274133307292,585.98,585.464,0.9995,0.0206641,0.0240022,0.0158646,-0.0301349,0.85371,0.519879,0.0312155,-0.00974864,-0.520341,0.853905,-0.18371,0,0,0,1
133032274133640489,585.98,585.464,0.999507,0.0204633,0.0238564,0.0158751,-0.0298873,0.853712,0.519889,0.031215,-0.00972837,-0.520345,0.853903,-0.183668,0,0,0,1
133032274133973687,585.98,585.464,0.999502,0.0204946,0.0240617,0.0158861,-0.0300227,0.853626,0.520022,0.0311839,-0.00988257,-0.520485,0.853816,-0.18365,0,0,0,1
133032274134306884,585.98,585.464,0.999495,0.0205911,0.0242615,0.0159166,-0.0302097,0.853592,0.520068,0.0311715,-0.010001,-0.520538,0.853782,-0.183627,0,0,0,1
133032274134640082,585.98,585.464,0.999492,0.0207053,0.0242677,0.0159516,-0.0303077,0.853727,0.519841,0.0312169,-0.0099549,-0.520312,0.85392,-0.183661,0,0,0,1
133032274134973279,585.98,585.464,0.999503,0.0205609,0.0239404,0.0159967,-0.0300091,0.854006,0.519398,0.0312559,-0.00976637,-0.519858,0.854199,-0.183671,0,0,0,1
133032274135306477,585.98,585.464,0.999512,0.0203873,0.0237226,0.0160117,-0.0297459,0.854093,0.51927,0.0312986,-0.00967515,-0.519722,0.854283,-0.18368,0,0,0,1
133032274135639674,585.98,585.464,0.999508,0.0201558,0.0240813,0.0159612,-0.0297299,0.854336,0.518871,0.0314065,-0.0101156,-0.519332,0.854515,-0.183718,0,0,0,1
133032274135972872,585.98,585.464,0.999491,0.0197064,0.0251396,0.0158141,-0.0298823,0.854939,0.517869,0.0315592,-0.0112875,-0.518356,0.855093,-0.183885,0,0,0,1
133032274136306069,585.98,585.464,0.999471,0.0194354,0.0261097,0.0156288,-0.0301552,0.854863,0.517979,0.0315371,-0.0122533,-0.518492,0.854997,-0.184035,0,0,0,1
133032274136639265,585.98,585.464,0.999476,0.0185937,0.0265464,0.0154667,-0.0296758,0.854325,0.518893,0.0314285,-0.0130318,-0.519409,0.854428,-0.18417,0,0,0,1
133032274136972464,585.98,585.464,0.999481,0.0179222,0.0268295,0.0153387,-0.0292546,0.854123,0.519249,0.0314034,-0.0136098,-0.519764,0.854204,-0.184296,0,0,0,1
133032274137305661,585.98,585.464,0.999467,0.0177511,0.0274449,0.0152268,-0.029424,0.854275,0.51899,0.0314844,-0.0142334,-0.519521,0.854342,-0.184455,0,0,0,1
133032274137638857,585.98,585.464,0.999447,0.0177142,0.0281949,0.0151696,-0.0297745,0.854533,0.518546,0.0315254,-0.014908,-0.519098,0.854587,-0.184635,0,0,0,1
133032274137972055,585.98,585.464,0.999444,0.0177132,0.0282964,0.0152404,-0.0298361,0.854199,0.519091,0.0314149,-0.0149763,-0.519646,0.854252,-0.184773,0,0,0,1
133032274138305253,585.98,585.464,0.999459,0.0179872,0.0275778,0.0154419,-0.0297118,0.85365,0.520001,0.0312832,-0.0141888,-0.520538,0.853723,-0.184857,0,0,0,1
133032274138638450,585.98,585.464,0.999479,0.0182271,0.0266804,0.0157123,-0.029453,0.853516,0.520236,0.0312376,-0.0132901,-0.52075,0.853607,-0.184927,0,0,0,1
133032274138971648,585.98,585.464,0.999491,0.0185391,0.0260101,0.015945,-0.0293787,0.853168,0.520809,0.0311781,-0.0125359,-0.521308,0.853278,-0.18488,0,0,0,1
133032274139304845,585.98,585.464,0.999497,0.0188026,0.0255873,0.0161498,-0.0293812,0.853246,0.520682,0.0312309,-0.0120427,-0.521171,0.853369,-0.184796,0,0,0,1
133032274139638042,585.98,585.464,0.999494,0.0188649,0.025656,0.0163143,-0.0294622,0.853583,0.520125,0.0313184,-0.0120876,-0.520617,0.853707,-0.184764,0,0,0,1
133032274139971239,585.98,585.464,0.999478,0.0188641,0.0262682,0.0163836,-0.0297833,0.853461,0.520307,0.031283,-0.0126041,-0.520817,0.853577,-0.184707,0,0,0,1
133032274140304436,585.98,585.464,0.999449,0.0189294,0.0273148,0.0164244,-0.0303855,0.853387,0.520394,0.0313134,-0.0134596,-0.520936,0.853492,-0.184736,0,0,0,1
133032274140637634,585.98,585.464,0.999413,0.0187792,0.0286871,0.0164044,-0.0309532,0.854059,0.519256,0.0315001,-0.0147496,-0.519839,0.854139,-0.184927,0,0,0,1
133032274140970832,585.98,585.464,0.999394,0.0182468,0.0296907,0.0163946,-0.0310169,0.854163,0.519082,0.0315406,-0.0158895,-0.519688,0.854211,-0.185215,0,0,0,1
133032274141304029,585.98,585.464,0.999385,0.0174341,0.0304966,0.0164213,-0.0307545,0.853771,0.519741,0.0314195,-0.0169763,-0.520358,0.853781,-0.185539,0,0,0,1
133032274141637226,585.98,585.464,0.999361,0.0172742,0.0313244,0.0165305,-0.0310664,0.853246,0.520585,0.0312459,-0.0177353,-0.521225,0.853237,-0.185983,0,0,0,1
133032274141970424,585.98,585.464,0.999351,0.0176902,0.0314014,0.0168319,-0.0314932,0.852295,0.522114,0.0310135,-0.0175271,-0.522764,0.852299,-0.186428,0,0,0,1
133032274142303621,585.98,585.464,0.999369,0.0181022,0.0306028,0.0172968,-0.031446,0.851697,0.523092,0.0308168,-0.0165959,-0.523724,0.851729,-0.186857,0,0,0,1
133032274142636818,585.98,585.464,0.999383,0.0189911,0.0295709,0.0178692,-0.0316843,0.850942,0.524306,0.0306278,-0.0152062,-0.524919,0.851019,-0.187262,0,0,0,1
133032274142970015,585.98,585.464,0.999386,0.0199746,0.0288355,0.0183811,-0.0321485,0.850435,0.525098,0.0304841,-0.0140345,-0.525702,0.850555,-0.18759,0,0,0,1
133032274143303213,585.98,585.464,0.999394,0.0204065,0.0282205,0.0188475,-0.0321981,0.850214,0.525454,0.0303617,-0.0132709,-0.526043,0.850356,-0.187782,0,0,0,1
133032274143636410,585.98,585.464,0.999389,0.0211901,0.0278583,0.0192499,-0.0326904,0.849523,0.526541,0.0302562,-0.0125091,-0.527129,0.849695,-0.187795,0,0,0,1
133032274143969608,585.98,585.464,0.999359,0.0219156,0.0283486,0.0195661,-0.0335541,0.849966,0.525769,0.030431,-0.012573,-0.526383,0.850157,-0.187777,0,0,0,1
133032274144302805,585.98,585.464,0.999329,0.0221484,0.0292301,0.0197668,-0.0341949,0.85079,0.524394,0.0306925,-0.0132546,-0.525041,0.850976,-0.187756,0,0,0,1
133032274144636002,585.98,585.464,0.999318,0.0220859,0.0296583,0.0199645,-0.0343615,0.850987,0.524064,0.0307958,-0.0136647,-0.524724,0.851165,-0.187628,0,0,0,1
133032274144969199,585.98,585.464,0.999304,0.0218441,0.0302764,0.0201571,-0.0344708,0.851313,0.523526,0.0309001,-0.0143389,-0.524205,0.851473,-0.187523,0,0,0,1
133032274145302397,585.98,585.464,0.999285,0.0219638,0.0308245,0.0204101,-0.0348584,0.851373,0.523404,0.0309496,-0.0147476,-0.524104,0.851529,-0.187371,0,0,0,1
133032274145635595,585.98,585.464,0.999276,0.0224084,0.0307738,0.0207751,-0.0352124,0.851293,0.52351,0.030962,-0.0144669,-0.524215,0.851466,-0.187219,0,0,0,1
133032274145968792,585.98,585.464,0.999276,0.0230167,0.0303522,0.0211864,-0.0355057,0.85142,0.523284,0.031017,-0.0137987,-0.523982,0.85162,-0.187056,0,0,0,1
133032274146301988,585.98,585.464,0.999262,0.0235599,0.030377,0.0215898,-0.0359693,0.851876,0.522508,0.0311183,-0.0135677,-0.523215,0.852095,-0.186922,0,0,0,1
133032274146635186,585.98,585.464,0.999243,0.0237504,0.0308373,0.0219064,-0.0363729,0.851844,0.522533,0.0310789,-0.0138583,-0.523259,0.852063,-0.186765,0,0,0,1
133032274146968383,585.98,585.464,0.999215,0.0243601,0.0312803,0.0222456,-0.0371341,0.85145,0.523121,0.0309864,-0.0138906,-0.523871,0.851686,-0.186613,0,0,0,1
133032274147301581,585.98,585.464,0.999187,0.0252176,0.0314959,0.0226326,-0.0379763,0.851479,0.523014,0.0309649,-0.0136293,-0.523784,0.851744,-0.186483,0,0,0,1
133032274147634777,585.98,585.464,0.999181,0.0258975,0.0311262,0.0230794,-0.038361,0.851499,0.522953,0.0309241,-0.012961,-0.523718,0.851795,-0.186367,0,0,0,1
133032274147967976,585.98,585.464,0.999187,0.0269695,0.0299959,0.0235894,-0.0386902,0.851121,0.523543,0.0308678,-0.0114109,-0.524278,0.851474,-0.18618,0,0,0,1
133032274148301173,585.98,585.464,0.999185,0.0279844,0.0291208,0.0240214,-0.0390895,0.851421,0.523026,0.0309852,-0.0101577,-0.523738,0.851821,-0.186077,0,0,0,1
