373.258,201.309,760,428
133032412906673965,585.98,585.464,0.997486,0.0693691,-0.0145018,0.00870061,-0.0566275,0.903206,0.42546,0.0557128,0.0426113,-0.423569,0.904862,-0.145039,0,0,0,1
133032412907007161,585.98,585.464,0.997538,0.068765,-0.013894,0.00828385,-0.0563187,0.903027,0.425881,0.055731,0.0418319,-0.424049,0.904674,-0.145117,0,0,0,1
133032412907340358,585.98,585.464,0.997616,0.0678633,-0.0126386,0.00773644,-0.0560612,0.90332,0.425292,0.0558637,0.0402779,-0.423568,0.90497,-0.145278,0,0,0,1
133032412907673554,585.98,585.464,0.997692,0.066957,-0.0114124,0.00709105,-0.0557715,0.90346,0.425032,0.0559576,0.0387692,-0.423413,0.905108,-0.145552,0,0,0,1
133032412908006750,585.98,585.464,0.997744,0.0662714,-0.0108771,0.00637412,-0.0553669,0.903367,0.425283,0.0559885,0.0380097,-0.42372,0.904997,-0.145897,0,0,0,1
133032412908339947,585.98,585.464,0.99789,0.0641583,-0.0100654,0.00543928,-0.0537965,0.903444,0.42532,0.0560755,0.0363809,-0.423881,0.904989,-0.146395,0,0,0,1
133032412908673144,585.98,585.464,0.998089,0.0612431,-0.00828284,0.00444722,-0.051939,0.903881,0.424622,0.0560803,0.0334914,-0.423381,0.905333,-0.147138,0,0,0,1
133032412909006340,585.98,585.464,0.998189,0.0597489,-0.00705069,0.00354362,-0.0510681,0.903398,0.425754,0.0559416,0.0318077,-0.424622,0.904812,-0.147637,0,0,0,1
133032412909339537,585.98,585.464,0.998211,0.0593879,-0.00699273,0.00279379,-0.0507273,0.902894,0.426861,0.0558347,0.0316635,-0.425743,0.904291,-0.148139,0,0,0,1
133032412909672733,585.98,585.464,0.998279,0.0582027,-0.00719342,0.0020535,-0.049604,0.903423,0.425873,0.0559374,0.0312853,-0.424784,0.904755,-0.148769,0,0,0,1
133032412910005930,585.98,585.464,0.998351,0.0569989,-0.0068112,0.00120449,-0.0486578,0.903206,0.426442,0.0558042,0.0304583,-0.425407,0.90449,-0.149302,0,0,0,1
133032412910339126,585.98,585.464,0.998438,0.0555495,-0.0060851,0.000240803,-0.0476103,0.902599,0.427843,0.0556648,0.0292586,-0.426885,0.903833,-0.149897,0,0,0,1
133032412910672322,585.98,585.464,0.998612,0.0525319,-0.00385964,-0.000760555,-0.0458668,0.903251,0.426659,0.0557157,0.025899,-0.42589,0.904405,-0.150609,0,0,0,1
133032412911005519,585.98,585.464,0.998683,0.0512194,-0.00290778,-0.00137472,-0.045058,0.902818,0.427658,0.0554654,0.0245293,-0.426965,0.903936,-0.151252,0,0,0,1
133032412911338715,585.98,585.464,0.99863,0.0521369,-0.00442275,-0.00153017,-0.0451801,0.901825,0.429733,0.0552244,0.0263932,-0.428945,0.902945,-0.151966,0,0,0,1
133032412911671912,585.98,585.464,0.998631,0.052036,-0.0054208,-0.00160003,-0.0447114,0.902646,0.428058,0.0553307,0.027167,-0.42723,0.903735,-0.152913,0,0,0,1
133032412912005108,585.98,585.464,0.998574,0.0529987,-0.00639644,-0.00152779,-0.0451125,0.901842,0.429707,0.0550912,0.0285424,-0.428806,0.902946,-0.153777,0,0,0,1
133032412912338305,585.98,585.464,0.998495,0.0542768,-0.00783783,-0.00134373,-0.0455764,0.900793,0.431852,0.0547231,0.0304995,-0.430845,0.901911,-0.154647,0,0,0,1
133032412912671501,585.98,585.464,0.998416,0.0554081,-0.00975823,-0.00106931,-0.045716,0.900079,0.433325,0.0544182,0.0327924,-0.432193,0.901185,-0.155525,0,0,0,1
133032412913004697,585.98,585.464,0.998326,0.0566863,-0.0114616,-0.000811815,-0.0460712,0.899303,0.434895,0.0540808,0.0349596,-0.43364,0.900409,-0.156343,0,0,0,1
133032412913337894,585.98,585.464,0.998238,0.0579614,-0.0127006,-0.000643492,-0.0466264,0.898609,0.436267,0.0537923,0.0366992,-0.434907,0.899728,-0.157109,0,0,0,1
133032412913671091,585.98,585.464,0.998172,0.0589591,-0.0133418,-0.000559568,-0.0471955,0.898002,0.437456,0.0534824,0.0377726,-0.436027,0.899142,-0.157765,0,0,0,1
133032412914004287,585.98,585.464,0.998088,0.0601927,-0.0141102,-0.00047636,-0.0478909,0.897072,0.439283,0.053146,0.0390994,-0.437767,0.898239,-0.158332,0,0,0,1
133032412914337483,585.98,585.464,0.997999,0.061354,-0.0152968,-0.00039196,-0.0483789,0.896656,0.44008,0.0529315,0.0407163,-0.438459,0.897829,-0.158808,0,0,0,1
133032412914670680,585.98,585.464,0.997911,0.0623936,-0.016789,-0.000345945,-0.0486162,0.896205,0.44097,0.0527641,0.0425597,-0.439233,0.897365,-0.159198,0,0,0,1
133032412915003876,585.98,585.464,0.997865,0.0627655,-0.0180643,-0.000414133,-0.0483692,0.896014,0.441386,0.0526611,0.0438893,-0.43957,0.897137,-0.159527,0,0,0,1
133032412915337073,585.98,585.464,0.99785,0.062856,-0.018582,-0.000654936,-0.0481931,0.895728,0.441985,0.0525481,0.0444254,-0.440139,0.896831,-0.159794,0,0,0,1
133032412915670269,585.98,585.464,0.997865,0.0625974,-0.018645,-0.00101328,-0.047893,0.895343,0.442796,0.0524252,0.0444111,-0.440958,0.896429,-0.15998,0,0,0,1
133032412916003466,586.331,585.801,0.99792,0.0617353,-0.0185851,-0.00145149,-0.0471282,0.895205,0.443159,0.0523383,0.0439956,-0.441361,0.896251,-0.160057,0,0,0,1
133032412916336662,586.856,586.307,0.997965,0.0610864,-0.0182818,-0.00189567,-0.046674,0.895168,0.443281,0.0523388,0.0434434,-0.441526,0.896197,-0.16001,0,0,0,1
133032412916669859,587.382,586.814,0.997993,0.060806,-0.0177027,-0.00225806,-0.0467058,0.895451,0.442705,0.0524924,0.0427711,-0.44099,0.896492,-0.159875,0,0,0,1
133032412917003055,586.856,586.307,0.997987,0.0609422,-0.017529,-0.00252056,-0.0469538,0.895947,0.441673,0.0527292,0.0426219,-0.439961,0.897005,-0.159722,0,0,0,1
133032412917336252,586.331,585.801,0.997982,0.0609728,-0.0177598,-0.00269032,-0.0469333,0.896503,0.440546,0.0529525,0.0427832,-0.438823,0.897554,-0.159495,0,0,0,1
133032412917669448,586.331,585.801,0.997975,0.0610609,-0.0178056,-0.00287509,-0.0470389,0.896976,0.439571,0.0531651,0.0428118,-0.437844,0.898031,-0.159271,0,0,0,1
133032412918002644,586.331,585.801,0.998006,0.0607766,-0.0170432,-0.0031352,-0.0471724,0.897544,0.438396,0.0533983,0.0419411,-0.436718,0.898621,-0.159044,0,0,0,1
133032412918335841,586.331,585.801,0.998052,0.0602645,-0.0161237,-0.00343037,-0.0471627,0.898072,0.437315,0.0535834,0.040835,-0.435704,0.899163,-0.158831,0,0,0,1
133032412918669037,586.331,585.801,0.998076,0.0600266,-0.0155201,-0.00362229,-0.0472419,0.898393,0.436646,0.0536839,0.0401537,-0.435074,0.899499,-0.158632,0,0,0,1
133032412919002234,586.331,585.801,0.998078,0.0600581,-0.0153023,-0.00371265,-0.0473971,0.898735,0.435925,0.0537633,0.0399334,-0.434362,0.899853,-0.158477,0,0,0,1
133032412919335430,586.331,585.801,0.998066,0.0602373,-0.0153875,-0.00373983,-0.047537,0.898898,0.435574,0.053795,0.0400698,-0.434,0.900022,-0.158353,0,0,0,1
133032412919668626,586.331,585.801,0.998065,0.0601859,-0.0156046,-0.00377631,-0.0474016,0.898961,0.435459,0.0537952,0.0402367,-0.433877,0.900073,-0.158281,0,0,0,1
133032412920001823,586.331,585.801,0.99809,0.059745,-0.0157147,-0.00386691,-0.046964,0.899058,0.435305,0.0538316,0.0401356,-0.433735,0.900146,-0.15825,0,0,0,1
133032412920335019,586.331,585.801,0.998124,0.0591772,-0.0156964,-0.00399327,-0.0464632,0.899113,0.435245,0.053807,0.0398693,-0.433698,0.900175,-0.158237,0,0,0,1
133032412920668216,586.331,585.801,0.998165,0.0585712,-0.0153762,-0.00414848,-0.0460582,0.899157,0.435197,0.0538126,0.0393156,-0.43369,0.900203,-0.158255,0,0,0,1
133032412921001412,586.331,585.801,0.998195,0.0581112,-0.0151635,-0.00426078,-0.0457429,0.899249,0.435039,0.0538474,0.0389163,-0.43356,0.900283,-0.158262,0,0,0,1
133032412921334609,586.331,585.801,0.99823,0.0575101,-0.0151498,-0.00429511,-0.0452112,0.899318,0.434953,0.0538573,0.0386387,-0.433497,0.900326,-0.158279,0,0,0,1
133032412921667805,586.331,585.801,0.998261,0.0570429,-0.0148769,-0.00435281,-0.0449048,0.89929,0.435042,0.0538056,0.0381944,-0.433617,0.900287,-0.158345,0,0,0,1
133032412922001002,586.331,585.801,0.99826,0.0571885,-0.014395,-0.00434399,-0.0452115,0.898888,0.435842,0.053688,0.0378647,-0.434433,0.899908,-0.158382,0,0,0,1
133032412922334198,586.331,585.801,0.998263,0.0571541,-0.0143431,-0.004251,-0.0451907,0.898745,0.436137,0.0536084,0.0378175,-0.434731,0.899765,-0.158433,0,0,0,1
133032412922667395,586.331,585.801,0.998259,0.0571272,-0.014708,-0.00412297,-0.0449946,0.898607,0.436442,0.0535144,0.0381496,-0.43502,0.899612,-0.158463,0,0,0,1
133032412923000591,586.331,585.801,0.99825,0.0572506,-0.0147913,-0.00399685,-0.0450437,0.898307,0.437053,0.0534068,0.0383087,-0.435622,0.899313,-0.158411,0,0,0,1
133032412923333787,586.331,585.801,0.998248,0.0573506,-0.0145949,-0.00389671,-0.045218,0.898283,0.437086,0.0533811,0.0381775,-0.43566,0.899301,-0.15835,0,0,0,1
133032412923666984,586.331,585.801,0.998254,0.057296,-0.0144276,-0.00377536,-0.0452448,0.898323,0.437002,0.0533893,0.0379989,-0.435585,0.899347,-0.15828,0,0,0,1
133032412924000180,586.331,585.801,0.998259,0.0572498,-0.0143049,-0.00366879,-0.0452493,0.89824,0.437173,0.0533351,0.0378771,-0.435764,0.899266,-0.158216,0,0,0,1
133032412924333376,586.331,585.801,0.998245,0.0575434,-0.0141037,-0.00352979,-0.045591,0.898103,0.437419,0.0532869,0.037837,-0.436007,0.89915,-0.158161,0,0,0,1
133032412924666573,586.331,585.801,0.998232,0.0578161,-0.0139545,-0.00336337,-0.0458937,0.897999,0.437601,0.0532147,0.0378313,-0.436186,0.899063,-0.158149,0,0,0,1
133032412924999769,586.331,585.801,0.998206,0.0581796,-0.0142192,-0.00316024,-0.0460766,0.897662,0.438272,0.0530574,0.0382623,-0.436829,0.898733,-0.158114,0,0,0,1
133032412925332966,586.331,585.801,0.998188,0.058386,-0.0146643,-0.00300217,-0.0460577,0.897549,0.438507,0.053,0.0387644,-0.437035,0.898611,-0.158155,0,0,0,1
133032412925666162,586.331,585.801,0.998196,0.0582523,-0.0146325,-0.00291014,-0.0459625,0.89768,0.438247,0.0530061,0.038664,-0.436783,0.898738,-0.15817,0,0,0,1
133032412925999359,586.331,585.801,0.99821,0.0581414,-0.0141184,-0.00294018,-0.0460789,0.897577,0.438447,0.052947,0.038164,-0.43701,0.898649,-0.158192,0,0,0,1
133032412926332555,586.331,585.801,0.998224,0.0579952,-0.0137727,-0.00293779,-0.0460835,0.8974,0.438806,0.0528886,0.0378082,-0.437391,0.898479,-0.158203,0,0,0,1
133032412926665751,586.331,585.801,0.998231,0.057844,-0.0138544,-0.00290394,-0.0459212,0.897516,0.438588,0.0528982,0.037804,-0.437174,0.898584,-0.158221,0,0,0,1
133032412926998948,586.331,585.801,0.998232,0.0578005,-0.0139593,-0.00286055,-0.0458476,0.897654,0.438313,0.0529345,0.0378651,-0.436897,0.898717,-0.158225,0,0,0,1
133032412927332145,586.331,585.801,0.998233,0.0578163,-0.0138319,-0.00284982,-0.045919,0.897668,0.438277,0.0529519,0.0377559,-0.436866,0.898736,-0.158238,0,0,0,1
133032412927665341,586.331,585.801,0.998251,0.0575009,-0.0137962,-0.00289083,-0.0456538,0.897713,0.438212,0.0529853,0.0375823,-0.436815,0.898768,-0.158258,0,0,0,1
133032412927998537,586.331,585.801,0.998289,0.0569069,-0.013568,-0.00295949,-0.0452313,0.897874,0.437926,0.0530602,0.0371029,-0.436561,0.898911,-0.15828,0,0,0,1
133032412928331734,586.331,585.801,0.998312,0.056689,-0.0127443,-0.00306773,-0.0454277,0.898259,0.437115,0.0532029,0.0362271,-0.435797,0.899318,-0.158316,0,0,0,1
133032412928664930,586.331,585.801,0.998309,0.0568716,-0.0121135,-0.00314593,-0.0458681,0.898251,0.437085,0.0532302,0.0357384,-0.43579,0.899341,-0.158379,0,0,0,1
133032412928998126,586.331,585.801,0.998327,0.0565413,-0.0122232,-0.00315595,-0.0455168,0.898191,0.437247,0.0531651,0.0357008,-0.435958,0.899261,-0.158451,0,0,0,1
133032412929331323,586.331,585.801,0.998344,0.0561914,-0.0124388,-0.00315619,-0.0450835,0.897914,0.437858,0.0530297,0.0357727,-0.436571,0.898961,-0.158534,0,0,0,1
133032412929664519,586.331,585.801,0.998368,0.0559084,-0.011779,-0.00323796,-0.0450969,0.89766,0.438379,0.0528728,0.0350825,-0.43713,0.898716,-0.158575,0,0,0,1
133032412929997716,586.331,585.801,0.998381,0.0558707,-0.0108726,-0.00330901,-0.0454394,0.897385,0.438906,0.0527903,0.0342785,-0.4377,0.89847,-0.158616,0,0,0,1
133032412930330912,586.331,585.801,0.998383,0.0558499,-0.0106902,-0.00324869,-0.0454983,0.897353,0.438965,0.0527722,0.0341087,-0.437768,0.898443,-0.158581,0,0,0,1
133032412930664109,586.331,585.801,0.998363,0.0561841,-0.0108725,-0.00311828,-0.045735,0.897548,0.438541,0.0528435,0.0343972,-0.437324,0.898648,-0.158585,0,0,0,1
133032412930997305,586.331,585.801,0.998339,0.0566118,-0.0108515,-0.00298953,-0.0461376,0.89764,0.438312,0.0528766,0.0345542,-0.437082,0.89876,-0.158581,0,0,0,1
133032412931330501,586.331,585.801,0.998313,0.0570699,-0.0108797,-0.00283408,-0.0465354,0.897596,0.438359,0.0528762,0.0347826,-0.437111,0.898737,-0.158554,0,0,0,1
133032412931663698,586.331,585.801,0.998292,0.0573962,-0.0110195,-0.00269175,-0.0467713,0.89763,0.438265,0.0528861,0.035046,-0.437,0.898781,-0.15854,0,0,0,1
133032412931996894,586.331,585.801,0.998281,0.0575842,-0.0110682,-0.00257778,-0.0469229,0.89767,0.438165,0.0528929,0.0351667,-0.436891,0.898829,-0.158528,0,0,0,1
133032412932330091,586.331,585.801,0.998263,0.0578996,-0.0110583,-0.00246906,-0.0472051,0.897586,0.438308,0.0528724,0.0353035,-0.437024,0.898759,-0.158533,0,0,0,1
133032412932663287,586.331,585.801,0.99824,0.0582909,-0.0111185,-0.0023675,-0.047519,0.897424,0.438606,0.0528189,0.0355444,-0.437304,0.898614,-0.158464,0,0,0,1
133032412932996484,586.331,585.801,0.998218,0.0586102,-0.0113824,-0.00228143,-0.0476907,0.897415,0.438604,0.0528281,0.0359212,-0.437278,0.898611,-0.158426,0,0,0,1
133032412933329680,586.331,585.801,0.9982,0.0588471,-0.0117289,-0.00222969,-0.0477683,0.897608,0.438202,0.0528698,0.0363148,-0.436852,0.898803,-0.15834,0,0,0,1
133032412933662876,586.331,585.801,0.998188,0.0590111,-0.0119113,-0.00223279,-0.0478452,0.897713,0.437979,0.0529163,0.0365384,-0.436613,0.898909,-0.158227,0,0,0,1
133032412933996073,586.331,585.801,0.998182,0.0591034,-0.0119508,-0.002321,-0.0479256,0.897883,0.437621,0.0529845,0.036595,-0.436252,0.899083,-0.158061,0,0,0,1
133032412934329270,586.331,585.801,0.998191,0.0590118,-0.0116575,-0.00246167,-0.0479988,0.898215,0.43693,0.0531046,0.036255,-0.435579,0.899423,-0.157858,0,0,0,1
133032412934662466,586.331,585.801,0.998208,0.058904,-0.0107224,-0.00265908,-0.0483431,0.898613,0.436073,0.0532358,0.0353216,-0.434772,0.89985,-0.157655,0,0,0,1
133032412934995662,586.331,585.801,0.998188,0.0594112,-0.00973141,-0.00277567,-0.0492456,0.898751,0.435688,0.0533323,0.0346306,-0.434418,0.900048,-0.157448,0,0,0,1
133032412935328859,586.331,585.801,0.998172,0.0596587,-0.00984004,-0.0027318,-0.0494254,0.898794,0.435578,0.0533959,0.0348301,-0.434294,0.9001,-0.157236,0,0,0,1
133032412935662055,586.331,585.801,0.998142,0.0598421,-0.0115861,-0.00248837,-0.0488342,0.898851,0.435528,0.0534505,0.0364768,-0.434151,0.900103,-0.156995,0,0,0,1
133032412935995251,586.331,585.801,0.998066,0.0606581,-0.0137559,-0.00209904,-0.048613,0.89871,0.435845,0.0534962,0.0387997,-0.434331,0.89992,-0.156748,0,0,0,1
133032412936328448,586.331,585.801,0.997984,0.0617613,-0.0147367,-0.00174356,-0.0492002,0.898896,0.435394,0.0536163,0.0401369,-0.43379,0.900122,-0.156464,0,0,0,1
133032412936661644,586.331,585.801,0.997916,0.0628394,-0.0147444,-0.00148821,-0.0501801,0.898971,0.435127,0.0537786,0.0405975,-0.433479,0.900251,-0.156243,0,0,0,1
133032412936994841,586.331,585.801,0.997874,0.063471,-0.0148985,-0.00118399,-0.0507004,0.899136,0.434726,0.0539017,0.040988,-0.433045,0.900442,-0.155968,0,0,0,1
133032412937328038,586.331,585.801,0.997805,0.0643085,-0.0158852,-0.000780106,-0.0510166,0.899006,0.434958,0.05396,0.0422523,-0.433192,0.900313,-0.155706,0,0,0,1
133032412937661234,586.331,585.801,0.997707,0.0654667,-0.0172626,-0.00032568,-0.0514676,0.899024,0.434866,0.0540482,0.0439886,-0.432979,0.900332,-0.15544,0,0,0,1
133032412937994430,586.331,585.801,0.997611,0.0667164,-0.0180008,5.72205e-05,-0.0523006,0.899233,0.434335,0.0541723,0.045164,-0.432355,0.900574,-0.155193,0,0,0,1
133032412938327626,586.331,585.801,0.997566,0.0674875,-0.0176225,0.000281096,-0.053178,0.899362,0.433962,0.0542505,0.0451356,-0.431967,0.900762,-0.154991,0,0,0,1
133032412938660823,586.331,585.801,0.997551,0.0678955,-0.0168761,0.000389576,-0.0538734,0.899368,0.433862,0.0542879,0.0446349,-0.431889,0.900824,-0.154821,0,0,0,1
133032412938994020,586.331,585.801,0.997549,0.0680909,-0.0162388,0.000409842,-0.0543242,0.899333,0.43388,0.0543146,0.0441471,-0.431933,0.900827,-0.154729,0,0,0,1
133032412939327216,586.331,585.801,0.997594,0.0676998,-0.0150629,0.00031352,-0.0544957,0.899481,0.433552,0.0543112,0.0429,-0.431686,0.901005,-0.154676,0,0,0,1
133032412939660412,586.331,585.801,0.997657,0.0671211,-0.013353,9.53674e-05,-0.0546951,0.899285,0.433932,0.0542452,0.0411339,-0.432184,0.900849,-0.154702,0,0,0,1
133032412940660001,586.331,585.801,0.997882,0.0645251,-0.00840935,-0.00077486,-0.0544364,0.898598,0.435386,0.05402,0.0356498,-0.434004,0.900208,-0.155265,0,0,0,1
133032412940993198,586.331,585.801,0.997961,0.0635167,-0.00652274,-0.00115156,-0.0543252,0.898315,0.435985,0.0539849,0.0335516,-0.43474,0.899933,-0.155594,0,0,0,1
