373.25,201.301,760,428
133032498132135814,585.98,585.464,0.997103,0.0142282,0.0747361,-0.00182092,-0.0465191,0.891339,0.450947,0.0497675,-0.060199,-0.453117,0.889417,-0.141607,0,0,0,1
133032498132802207,585.98,585.464,0.997261,0.0146399,0.0725052,-0.00168264,-0.0457795,0.892088,0.449538,0.0501037,-0.0580998,-0.451626,0.890314,-0.141465,0,0,0,1
133032498133135404,585.98,585.464,0.997266,0.0152201,0.0723276,-0.00183237,-0.0462182,0.892064,0.449542,0.0502668,-0.0576789,-0.451655,0.890327,-0.141495,0,0,0,1
133032498133468601,585.98,585.464,0.997295,0.0160385,0.0717303,-0.00205648,-0.0466495,0.892276,0.449075,0.0504704,-0.0568008,-0.451207,0.89061,-0.141574,0,0,0,1
133032498133801796,585.98,585.464,0.997365,0.0164469,0.0706602,-0.00248158,-0.0464649,0.892808,0.448036,0.0507849,-0.0557173,-0.450139,0.891219,-0.141802,0,0,0,1
133032498134134995,585.98,585.464,0.997411,0.0151958,0.0702897,-0.00319624,-0.045059,0.893824,0.446149,0.0511336,-0.056047,-0.448161,0.892195,-0.142205,0,0,0,1
133032498134468192,586.156,585.632,0.997421,0.0135232,0.070488,-0.00405598,-0.043581,0.894432,0.445078,0.0512262,-0.0570277,-0.447002,0.892714,-0.142719,0,0,0,1
133032498134801387,586.681,586.139,0.997462,0.0126081,0.0700828,-0.00486004,-0.0427046,0.893488,0.447054,0.0509688,-0.0569817,-0.448912,0.891758,-0.143155,0,0,0,1
133032498135134584,587.382,586.814,0.997353,0.0102603,0.0719943,-0.00593281,-0.0414207,0.893867,0.446417,0.0509869,-0.0597729,-0.448217,0.891925,-0.143768,0,0,0,1
133032498135467781,587.907,587.32,0.997142,0.008233,0.0751084,-0.00702381,-0.0409463,0.89431,0.445573,0.0510285,-0.0635014,-0.447375,0.89209,-0.144402,0,0,0,1
133032498135800978,588.433,587.826,0.997054,0.00725918,0.0763671,-0.00776482,-0.0407363,0.893655,0.446904,0.0509135,-0.0650017,-0.448698,0.891317,-0.144926,0,0,0,1
133032498136134175,588.958,588.333,0.996969,0.00575276,0.0776018,-0.00838602,-0.0398002,0.894647,0.444998,0.0511187,-0.0668662,-0.446737,0.892164,-0.14564,0,0,0,1
133032498136467371,589.309,588.67,0.996858,0.00491702,0.0790624,-0.008829,-0.0396527,0.895003,0.444295,0.0511141,-0.0685765,-0.446034,0.892385,-0.146319,0,0,0,1
133032498136800568,589.771,589.138,0.996809,0.00495765,0.0796796,-0.0090524,-0.0400971,0.894141,0.445988,0.0508312,-0.0690335,-0.447759,0.891486,-0.146857,0,0,0,1
133032498137133765,590.233,589.606,0.996792,0.00474081,0.0799071,-0.0091958,-0.0399929,0.894225,0.44583,0.0507365,-0.0693414,-0.447595,0.891546,-0.147437,0,0,0,1
133032498137466962,590.849,590.23,0.996772,0.00490472,0.0801567,-0.00930846,-0.0402813,0.894027,0.446201,0.0506161,-0.069474,-0.447988,0.891338,-0.147911,0,0,0,1
133032498137800158,591.157,590.541,0.996719,0.00494465,0.0808001,-0.00945282,-0.0406224,0.893915,0.446394,0.0505965,-0.0700212,-0.448211,0.891183,-0.148378,0,0,0,1
133032498138133355,591.157,590.541,0.996532,0.00431956,0.0831188,-0.00978327,-0.0409682,0.894756,0.444676,0.0508161,-0.0724502,-0.446538,0.891828,-0.148949,0,0,0,1
133032498138466553,591.157,590.541,0.996317,0.00373293,0.0856772,-0.010059,-0.0415639,0.894893,0.444344,0.0507944,-0.0750132,-0.446267,0.891752,-0.149463,0,0,0,1
133032498138799749,591.157,590.541,0.9963,0.00391735,0.0858754,-0.0100375,-0.0419421,0.894146,0.44581,0.0505481,-0.0750391,-0.44776,0.891001,-0.149905,0,0,0,1
133032498139132946,591.157,590.541,0.996377,0.00398874,0.0849663,-0.00989628,-0.0416328,0.893942,0.446248,0.0503876,-0.074175,-0.448167,0.890869,-0.150362,0,0,0,1
133032498139466142,590.695,590.074,0.996414,0.00421776,0.0845119,-0.00980139,-0.0416872,0.893612,0.446902,0.0502418,-0.073636,-0.448822,0.890584,-0.150709,0,0,0,1
133032498139799339,590.079,589.45,0.996421,0.00418916,0.0844471,-0.00983465,-0.0416858,0.893289,0.447549,0.0501694,-0.0735608,-0.449467,0.890265,-0.150952,0,0,0,1
133032498140132536,589.617,588.982,0.99641,0.00348844,0.0846092,-0.010005,-0.0411423,0.893245,0.447686,0.050174,-0.0740152,-0.449558,0.890181,-0.151047,0,0,0,1
133032498140465733,589.134,588.501,0.996393,0.00244396,0.0848332,-0.0102565,-0.0402893,0.893392,0.447471,0.050243,-0.0746957,-0.449274,0.890267,-0.151028,0,0,0,1
133032498140798930,588.608,587.995,0.996338,0.000995114,0.0855101,-0.0105975,-0.0392235,0.893868,0.446614,0.0503784,-0.0759904,-0.448332,0.890633,-0.150948,0,0,0,1
133032498141132126,588.083,587.489,0.996248,-0.000348866,0.0865533,-0.0109553,-0.0384343,0.894215,0.445988,0.0504873,-0.0775529,-0.447641,0.890846,-0.150841,0,0,0,1
133032498141465323,587.732,587.151,0.996161,-0.00113452,0.0875521,-0.0111805,-0.0381261,0.894528,0.445385,0.050583,-0.0788234,-0.447012,0.89105,-0.150733,0,0,0,1
133032498141798520,587.207,586.645,0.99618,-0.000859581,0.0873383,-0.0111568,-0.0382479,0.894686,0.445058,0.0506949,-0.0785231,-0.446698,0.891234,-0.150661,0,0,0,1
133032498142131717,586.681,586.139,0.996307,-0.000170074,0.0858787,-0.0109558,-0.0381629,0.894962,0.44451,0.0508712,-0.0769338,-0.446145,0.89165,-0.150625,0,0,0,1
133032498142464914,586.681,586.139,0.99644,0.00050614,0.0843173,-0.0107977,-0.0379891,0.895437,0.443567,0.0511102,-0.0752767,-0.44519,0.892268,-0.150706,0,0,0,1
133032498142798110,586.156,585.632,0.996471,0.000730298,0.0839472,-0.010826,-0.0379481,0.89589,0.442655,0.0512948,-0.0748843,-0.444278,0.892756,-0.150815,0,0,0,1
133032498143131307,585.98,585.464,0.996409,0.000399701,0.0846851,-0.0110502,-0.0379826,0.89588,0.442673,0.0513663,-0.0756909,-0.444299,0.892677,-0.150903,0,0,0,1
133032498143464504,585.98,585.464,0.996331,-0.000321433,0.0856014,-0.0113282,-0.0377618,0.895788,0.442878,0.0514042,-0.0768231,-0.444484,0.892488,-0.150979,0,0,0,1
133032498143797701,585.98,585.464,0.996281,-0.00108716,0.0861686,-0.0115595,-0.0373195,0.895851,0.442788,0.0514436,-0.0776756,-0.444357,0.892478,-0.151066,0,0,0,1
133032498144130897,585.98,585.464,0.996263,-0.00144507,0.0863777,-0.0116969,-0.0371325,0.895625,0.443259,0.0513891,-0.0780028,-0.444809,0.892224,-0.151105,0,0,0,1
133032498144464094,585.98,585.464,0.996271,-0.00148029,0.0862885,-0.0117455,-0.0370893,0.895465,0.443586,0.0513214,-0.0779251,-0.445131,0.89207,-0.151069,0,0,0,1
133032498144797291,585.98,585.464,0.99629,-0.00157285,0.0860637,-0.0118093,-0.0369175,0.895403,0.443726,0.0512611,-0.0777597,-0.445256,0.892022,-0.151024,0,0,0,1
133032498145130487,585.98,585.464,0.996302,-0.00202716,0.0859096,-0.0118862,-0.0364737,0.895231,0.44411,0.0511869,-0.0778096,-0.445601,0.891846,-0.150903,0,0,0,1
133032498145463684,585.98,585.464,0.996255,-0.00265494,0.086435,-0.0120249,-0.0361365,0.895295,0.444009,0.0512003,-0.0785634,-0.445468,0.891846,-0.150768,0,0,0,1
133032498145796881,585.98,585.464,0.996169,-0.00254254,0.0874268,-0.012143,-0.0366537,0.895435,0.443683,0.051275,-0.0794131,-0.445187,0.891911,-0.150603,0,0,0,1
133032498146130077,585.98,585.464,0.996137,-0.0022119,0.0877945,-0.012127,-0.0370861,0.895582,0.443349,0.0513634,-0.0796081,-0.444892,0.892041,-0.150441,0,0,0,1
133032498146463274,585.98,585.464,0.996201,-0.001839,0.0870714,-0.0119689,-0.0370755,0.895704,0.443104,0.0514238,-0.0788051,-0.444648,0.892234,-0.150247,0,0,0,1
133032498146796472,585.98,585.464,0.996284,-0.001493,0.0861316,-0.0117745,-0.0369507,0.895794,0.442933,0.0515137,-0.0778177,-0.444469,0.89241,-0.150033,0,0,0,1
133032498147129668,585.98,585.464,0.996311,-0.00122765,0.0858227,-0.0116626,-0.0370018,0.896073,0.442366,0.0516084,-0.0774465,-0.443909,0.89272,-0.149763,0,0,0,1
133032498147462865,585.98,585.464,0.99632,-0.00116017,0.0857229,-0.0116055,-0.0370139,0.896094,0.44232,0.0516457,-0.0773292,-0.443864,0.892753,-0.149481,0,0,0,1
133032498147796061,585.98,585.464,0.996319,-0.000958294,0.0857292,-0.0115445,-0.0371961,0.896099,0.442296,0.0516833,-0.077246,-0.443855,0.892765,-0.149163,0,0,0,1
133032498148129258,585.98,585.464,0.996317,-0.00065086,0.0857612,-0.0114864,-0.0374577,0.896255,0.441957,0.051744,-0.0771518,-0.443541,0.892929,-0.148879,0,0,0,1
133032498148462455,585.98,585.464,0.996346,-0.000561684,0.0854165,-0.0113808,-0.0373824,0.896267,0.441939,0.0517498,-0.0768041,-0.443517,0.892971,-0.148538,0,0,0,1
133032498148795651,585.98,585.464,0.996389,-0.000616103,0.0849206,-0.0113341,-0.037125,0.896202,0.442092,0.0517713,-0.0763788,-0.443648,0.892942,-0.148204,0,0,0,1
133032498149128849,585.98,585.464,0.996377,-0.000688888,0.0850415,-0.0113527,-0.0370679,0.896466,0.44156,0.0518166,-0.0765406,-0.443113,0.893192,-0.147845,0,0,0,1
133032498149462045,585.98,585.464,0.996345,-0.000630364,0.0854224,-0.0113709,-0.0372618,0.896622,0.441227,0.0519022,-0.0768693,-0.442797,0.89332,-0.147518,0,0,0,1
133032498149795242,585.98,585.464,0.996333,-0.000507608,0.0855565,-0.0114062,-0.0373938,0.896836,0.44078,0.0519594,-0.0769533,-0.442364,0.893528,-0.147166,0,0,0,1
133032498150128439,585.98,585.464,0.996345,-0.000394307,0.0854162,-0.0113831,-0.0373927,0.897067,0.440309,0.0520292,-0.076797,-0.441894,0.893773,-0.146826,0,0,0,1
133032498150461635,585.98,585.464,0.996342,-0.000378743,0.0854451,-0.0114555,-0.0374155,0.89709,0.440261,0.0520384,-0.076818,-0.441848,0.893795,-0.146527,0,0,0,1
133032498150794832,585.98,585.464,0.996323,-0.000615038,0.0856798,-0.0115849,-0.037306,0.897102,0.440247,0.0520385,-0.0771336,-0.441824,0.893779,-0.1462,0,0,0,1
133032498151128029,585.98,585.464,0.996302,-0.00108409,0.085913,-0.011719,-0.0369785,0.897165,0.440145,0.0520544,-0.0775548,-0.441694,0.893807,-0.145881,0,0,0,1
133032498151461226,585.98,585.464,0.996265,-0.00165959,0.0863374,-0.0118583,-0.0366513,0.897168,0.440168,0.0520822,-0.0781889,-0.441688,0.893754,-0.145585,0,0,0,1
133032498151794423,585.98,585.464,0.996222,-0.00160367,0.0868227,-0.0119435,-0.0369259,0.897109,0.440263,0.0520879,-0.0785948,-0.441806,0.89366,-0.145221,0,0,0,1
133032498152127620,585.98,585.464,0.996282,-0.0014663,0.0861323,-0.0118735,-0.0367258,0.897211,0.440073,0.0521464,-0.0779235,-0.4416,0.893821,-0.144971,0,0,0,1
133032498152460816,585.98,585.464,0.996419,-0.00128144,0.0845424,-0.0117025,-0.0361772,0.897278,0.439983,0.0521505,-0.0764213,-0.441466,0.894017,-0.144703,0,0,0,1
133032498152794013,585.98,585.464,0.996479,-0.000818424,0.0838392,-0.0116192,-0.0362918,0.897213,0.440105,0.0520714,-0.0755813,-0.441598,0.894023,-0.144364,0,0,0,1
133032498153127210,585.98,585.464,0.996447,-0.000559993,0.0842227,-0.0116709,-0.0367342,0.896968,0.440566,0.0519816,-0.0757912,-0.442095,0.89376,-0.143945,0,0,0,1
133032498153460407,585.98,585.464,0.996383,-0.000680171,0.0849695,-0.0118086,-0.0369632,0.896932,0.44062,0.0519821,-0.0765111,-0.442167,0.893662,-0.1435,0,0,0,1
133032498153793603,585.98,585.464,0.996324,-0.00105198,0.0856567,-0.0119308,-0.0368924,0.897174,0.440134,0.0520776,-0.0773114,-0.441676,0.893837,-0.142997,0,0,0,1
133032498154126800,585.98,585.464,0.996297,-0.000974305,0.0859712,-0.0119841,-0.0370263,0.897598,0.439256,0.0522282,-0.0775951,-0.440813,0.894238,-0.142519,0,0,0,1
133032498154459996,585.98,585.464,0.996302,-0.000778109,0.0859163,-0.0119773,-0.0371267,0.897888,0.438657,0.0523398,-0.0774838,-0.440224,0.894538,-0.142035,0,0,0,1
133032498154793194,585.98,585.464,0.996338,-0.000534646,0.0855026,-0.0119289,-0.0370964,0.898265,0.437887,0.0524674,-0.0770377,-0.439455,0.894954,-0.141601,0,0,0,1
133032498155126390,585.98,585.464,0.996362,-0.0002416,0.0852211,-0.0118856,-0.0371687,0.898644,0.437102,0.0525916,-0.0766883,-0.438679,0.895365,-0.141201,0,0,0,1
133032498155459586,585.98,585.464,0.996339,0.000131011,0.0854841,-0.0118762,-0.0375784,0.89887,0.436602,0.0526423,-0.0767816,-0.438217,0.895583,-0.140826,0,0,0,1
133032498155792784,585.98,585.464,0.996303,0.000525311,0.0858997,-0.0118936,-0.0381044,0.898921,0.436451,0.0526495,-0.0769872,-0.438111,0.895618,-0.140489,0,0,0,1
133032498156125981,585.98,585.464,0.996294,0.000863336,0.0860003,-0.0118618,-0.0384169,0.899117,0.43602,0.0526982,-0.0769473,-0.437709,0.895817,-0.140197,0,0,0,1
133032498156459178,585.98,585.464,0.996318,0.00107457,0.0857287,-0.0117886,-0.0384647,0.899245,0.435752,0.0527221,-0.0766222,-0.437445,0.895974,-0.139955,0,0,0,1
133032498156792374,585.98,585.464,0.996339,0.00121666,0.0854821,-0.0117218,-0.0384931,0.899194,0.435855,0.0527036,-0.0763344,-0.43755,0.895948,-0.139784,0,0,0,1
133032498157125571,585.98,585.464,0.996343,0.00134451,0.0854306,-0.0116923,-0.0385825,0.899208,0.435817,0.0527135,-0.0762334,-0.437519,0.895971,-0.1397,0,0,0,1
133032498157458768,585.98,585.464,0.996319,0.00145005,0.0857125,-0.0116578,-0.0387896,0.899269,0.435673,0.0527285,-0.0764462,-0.437394,0.896014,-0.139685,0,0,0,1
133032498157791965,585.98,585.464,0.996284,0.0020991,0.086109,-0.0115569,-0.0395478,0.89925,0.435646,0.0527563,-0.0765187,-0.437432,0.89599,-0.139746,0,0,0,1
133032498158125161,585.98,585.464,0.996297,0.00299455,0.0859239,-0.0113264,-0.040305,0.899042,0.436004,0.0527219,-0.0759432,-0.437852,0.895833,-0.139793,0,0,0,1
133032498158458357,585.98,585.464,0.996359,0.00373241,0.0851816,-0.0110489,-0.0406527,0.898972,0.436116,0.0526971,-0.0749477,-0.437991,0.895849,-0.139918,0,0,0,1
133032498158791555,585.98,585.464,0.996412,0.00452844,0.0845131,-0.0107977,-0.0410982,0.898821,0.436385,0.0526394,-0.0739855,-0.438293,0.895781,-0.140093,0,0,0,1
133032498159124751,585.98,585.464,0.996404,0.00513341,0.0845715,-0.0106045,-0.0417128,0.898539,0.436907,0.0525197,-0.0737472,-0.438864,0.895521,-0.140204,0,0,0,1
133032498159457947,585.98,585.464,0.99639,0.005409,0.084722,-0.0104796,-0.0420995,0.898097,0.437778,0.0523905,-0.0737199,-0.439764,0.895082,-0.140357,0,0,0,1
133032498159791145,585.98,585.464,0.996368,0.00529075,0.0849881,-0.010386,-0.0421374,0.897939,0.438099,0.0523213,-0.0739958,-0.440089,0.894899,-0.140481,0,0,0,1
133032498160124342,585.98,585.464,0.99633,0.00547892,0.085423,-0.0103186,-0.042507,0.897879,0.438186,0.0522939,-0.0742983,-0.440209,0.894815,-0.140636,0,0,0,1
133032498160457539,585.98,585.464,0.996299,0.00566052,0.0857679,-0.0102397,-0.0428436,0.897744,0.43843,0.0522622,-0.0745153,-0.440482,0.894663,-0.140786,0,0,0,1
133032498160790735,585.98,585.464,0.996299,0.00567759,0.0857669,-0.0101887,-0.0428743,0.897651,0.438617,0.0522481,-0.0744978,-0.440671,0.894571,-0.140938,0,0,0,1
133032498161123932,585.98,585.464,0.996294,0.00536553,0.0858404,-0.0101676,-0.0426201,0.897696,0.438551,0.052272,-0.0747047,-0.440584,0.894597,-0.141039,0,0,0,1
133032498161457128,585.98,585.464,0.996264,0.00497632,0.0862192,-0.0102303,-0.0424234,0.897788,0.438381,0.0522976,-0.0752246,-0.440401,0.894644,-0.141122,0,0,0,1
133032498161790326,585.98,585.464,0.996219,0.00468269,0.0867441,-0.0103189,-0.0423994,0.897743,0.438475,0.0522703,-0.0758199,-0.440495,0.894547,-0.141198,0,0,0,1
133032498162123523,585.98,585.464,0.996214,0.00482912,0.0867991,-0.0103221,-0.0425748,0.897626,0.438698,0.052186,-0.0757941,-0.440733,0.894432,-0.141271,0,0,0,1
133032498162456719,585.98,585.464,0.996256,0.00533181,0.0862871,-0.0102724,-0.0428247,0.897473,0.438987,0.052044,-0.0750995,-0.441038,0.89434,-0.141313,0,0,0,1
133032498162789916,585.98,585.464,0.996314,0.00562815,0.0855935,-0.0101389,-0.0428568,0.897039,0.439869,0.0519088,-0.0743042,-0.441916,0.893973,-0.141285,0,0,0,1
133032498163123112,585.98,585.464,0.996349,0.00583169,0.0851763,-0.0100284,-0.0429048,0.896738,0.440478,0.0518573,-0.0738118,-0.442524,0.893713,-0.141057,0,0,0,1
133032498163456309,585.98,585.464,0.996354,0.0057392,0.0851212,-0.00994766,-0.0427621,0.896951,0.440058,0.0520204,-0.0738231,-0.442093,0.893925,-0.14076,0,0,0,1
133032498163789506,585.98,585.464,0.996318,0.00579017,0.0855374,-0.00989461,-0.0428777,0.897629,0.438663,0.052289,-0.0742403,-0.440715,0.894571,-0.140407,0,0,0,1
133032498164122703,585.98,585.464,0.996298,0.00587881,0.0857667,-0.00976825,-0.0429746,0.898121,0.437644,0.0524485,-0.0744555,-0.43971,0.895047,-0.140038,0,0,0,1
133032498164455899,585.98,585.464,0.996327,0.00579567,0.0854333,-0.00952888,-0.0427608,0.89808,0.43775,0.0524242,-0.0741884,-0.439795,0.895028,-0.139641,0,0,0,1
133032498164789096,585.98,585.464,0.996346,0.00577906,0.0852138,-0.00920177,-0.0426756,0.897924,0.438077,0.0523714,-0.0739832,-0.440113,0.894889,-0.139231,0,0,0,1
133032498165122293,585.98,585.464,0.996309,0.00618241,0.0856094,-0.00881898,-0.0431964,0.898005,0.43786,0.0523903,-0.0741702,-0.439942,0.894958,-0.138762,0,0,0,1
133032498165455491,585.98,585.464,0.996317,0.00753711,0.0854082,-0.00826716,-0.0443168,0.898019,0.43772,0.0525185,-0.0733986,-0.439893,0.895045,-0.138393,0,0,0,1
133032498165788687,585.98,585.464,0.996358,0.00880963,0.0848131,-0.00765347,-0.0451106,0.898519,0.436612,0.0527104,-0.0723591,-0.438848,0.895643,-0.13811,0,0,0,1
133032498166121883,585.98,585.464,0.996358,0.0098794,0.0846934,-0.00717854,-0.0459675,0.898808,0.435926,0.0528664,-0.0718159,-0.438232,0.895988,-0.138041,0,0,0,1
133032498166455080,585.98,585.464,0.996302,0.0103211,0.0852973,-0.0068841,-0.0466652,0.898575,0.436333,0.0528273,-0.0721421,-0.4387,0.895733,-0.138042,0,0,0,1
133032498166788276,585.98,585.464,0.996236,0.0100632,0.0861003,-0.00674641,-0.0468232,0.898352,0.436775,0.0527657,-0.0729525,-0.439162,0.89544,-0.1382,0,0,0,1
133032498167121474,585.98,585.464,0.996176,0.00963526,0.0868361,-0.00666225,-0.0468117,0.898063,0.437369,0.052644,-0.0737697,-0.439762,0.895079,-0.138458,0,0,0,1
133032498167454670,585.98,585.464,0.996139,0.00902705,0.0873277,-0.00659597,-0.0465748,0.897527,0.438494,0.0523948,-0.0744199,-0.440868,0.894481,-0.138718,0,0,0,1
133032498167787867,585.98,585.464,0.996154,0.00864329,0.0871865,-0.00645876,-0.0463314,0.896567,0.440479,0.0520288,-0.0743606,-0.442824,0.893519,-0.138892,0,0,0,1
133032498168121064,585.98,585.464,0.996247,0.00897722,0.0860925,-0.00620937,-0.0463015,0.895622,0.442399,0.0517337,-0.0731342,-0.444725,0.892676,-0.138902,0,0,0,1
133032498168454261,585.98,585.464,0.99637,0.00956043,0.0845938,-0.00594151,-0.0461359,0.895746,0.442166,0.0517855,-0.0715468,-0.444464,0.892935,-0.138911,0,0,0,1
133032498168787456,585.98,585.464,0.996483,0.0100402,0.0831944,-0.00573575,-0.0458685,0.896217,0.441239,0.0519602,-0.0701296,-0.443503,0.893524,-0.138924,0,0,0,1
133032498169120654,585.98,585.464,0.996566,0.0103742,0.0821437,-0.00561297,-0.0456479,0.896559,0.440567,0.0520802,-0.0690758,-0.442804,0.893953,-0.138921,0,0,0,1
133032498169453850,585.98,585.464,0.99663,0.0102683,0.081385,-0.00556159,-0.0451551,0.896966,0.439789,0.0521738,-0.0684831,-0.441982,0.894406,-0.139027,0,0,0,1
