Position:(0.02230,-0.63182,1.15554)
Rotation:(0.34368, -0.62444,-0.61286,-0.34112)