373.275,201.471,760,428
133031680108326633,589.134,588.501,0.997653,0.0684769,-0.000985861,0.0120392,-0.0579859,0.852287,0.519852,0.0341879,0.0364378,-0.518575,0.854258,-0.161251,0,0,0,1
133031680108659830,589.617,588.982,0.99759,0.0693735,-0.00174305,0.012305,-0.0583525,0.852168,0.520006,0.0342115,0.0375594,-0.518651,0.854163,-0.161262,0,0,0,1
133031680108993028,590.079,589.45,0.99751,0.0704962,-0.00265253,0.01256,-0.0588587,0.852387,0.519591,0.0342476,0.0388899,-0.51814,0.854414,-0.161354,0,0,0,1
133031680109326226,590.695,590.074,0.99742,0.0717231,-0.00335315,0.0126501,-0.0595228,0.852062,0.520047,0.034252,0.0401557,-0.518505,0.854133,-0.161555,0,0,0,1
133031680109659423,591.157,590.541,0.997433,0.0715683,-0.00301781,0.0124865,-0.0596007,0.852536,0.519261,0.034366,0.0397351,-0.517748,0.854613,-0.161884,0,0,0,1
133031680109992621,591.619,591.009,0.997498,0.0706815,-0.00187027,0.0121042,-0.0594367,0.85254,0.519273,0.0343484,0.038297,-0.517862,0.854609,-0.162331,0,0,0,1
133031680110325819,592.081,591.477,0.997521,0.0703625,-0.00175461,0.0117837,-0.0591505,0.851557,0.520915,0.0340629,0.0381464,-0.51952,0.853608,-0.162638,0,0,0,1
133031680110659017,592.389,591.789,0.997545,0.0700071,-0.00240624,0.0114496,-0.0584676,0.851049,0.521821,0.0339479,0.0385786,-0.520399,0.853054,-0.16304,0,0,0,1
133031680110992214,592.389,591.789,0.997646,0.0685626,-0.00167552,0.0109574,-0.0576724,0.851899,0.520522,0.0340194,0.0371153,-0.5192,0.853849,-0.163528,0,0,0,1
133031680111325412,592.389,591.789,0.99767,0.0682328,-0.000688791,0.0104825,-0.0578624,0.851296,0.521486,0.0338629,0.0361686,-0.520231,0.853261,-0.163904,0,0,0,1
133031680111658609,592.389,591.789,0.997698,0.0678201,-0.000113875,0.0100828,-0.0577933,0.851065,0.521873,0.033765,0.0354899,-0.520664,0.853026,-0.164307,0,0,0,1
133031680111991807,592.389,591.789,0.997699,0.0678177,0.000710219,0.00971305,-0.0582408,0.851341,0.521373,0.033753,0.0347531,-0.520214,0.853331,-0.164701,0,0,0,1
133031680112325005,592.389,591.789,0.997653,0.0684907,0.000947446,0.00944757,-0.0589273,0.851129,0.521639,0.033664,0.0349205,-0.52047,0.853168,-0.165061,0,0,0,1
133031680112658203,592.389,591.789,0.997649,0.0685503,0.000634402,0.00921249,-0.058807,0.851016,0.521838,0.0335562,0.0352318,-0.520648,0.853047,-0.165422,0,0,0,1
133031680112991400,592.081,591.477,0.997677,0.0681477,-3.38554e-05,0.00900495,-0.0580817,0.850567,0.522652,0.0333747,0.0356459,-0.521435,0.852549,-0.165722,0,0,0,1
133031680113324598,592.081,591.477,0.997696,0.0678572,-0.000834048,0.00880146,-0.0573708,0.849948,0.523735,0.0332001,0.0362476,-0.522481,0.851883,-0.165978,0,0,0,1
133031680113657796,592.081,591.477,0.997721,0.0674866,-0.000742853,0.00854516,-0.0571174,0.850178,0.523389,0.033229,0.0359528,-0.522153,0.852095,-0.166316,0,0,0,1
133031680113990993,592.081,591.477,0.997737,0.0672601,0.000766814,0.00822008,-0.0577253,0.85033,0.523075,0.0332735,0.0345297,-0.521935,0.852289,-0.166631,0,0,0,1
133031680114324191,592.081,591.477,0.997725,0.0674092,0.00193775,0.00800633,-0.0584627,0.850266,0.523097,0.0332698,0.0336136,-0.52202,0.852273,-0.166998,0,0,0,1
133031680114657388,592.081,591.477,0.997709,0.0676474,0.00189173,0.00800335,-0.0586283,0.850046,0.523437,0.0331848,0.0338005,-0.522348,0.852065,-0.167336,0,0,0,1
133031680114990586,592.081,591.477,0.997689,0.0679408,0.00171301,0.00812078,-0.058756,0.849593,0.524157,0.0330681,0.034156,-0.523046,0.851622,-0.167686,0,0,0,1
133031680115323784,592.081,591.477,0.997652,0.068471,0.00201812,0.00832653,-0.0593554,0.849371,0.52445,0.0329618,0.0341951,-0.523338,0.851441,-0.168054,0,0,0,1
133031680115656982,592.081,591.477,0.997598,0.0692666,0.00193471,0.00869918,-0.0599498,0.848737,0.525408,0.0327836,0.034751,-0.524261,0.85085,-0.168353,0,0,0,1
133031680115990179,592.081,591.477,0.997532,0.0702157,0.00132218,0.00915217,-0.0604107,0.848325,0.52602,0.0326911,0.0358128,-0.524801,0.850473,-0.16868,0,0,0,1
133031680116323377,592.081,591.477,0.997452,0.0713336,0.00133491,0.00953889,-0.0613586,0.848119,0.526242,0.0327151,0.0364059,-0.524983,0.850336,-0.169082,0,0,0,1
133031680116656574,592.081,591.477,0.99743,0.07162,0.00238848,0.00974703,-0.0621541,0.848044,0.526269,0.0327413,0.0356653,-0.525065,0.850317,-0.169469,0,0,0,1
133031680116989772,592.081,591.477,0.99743,0.0715661,0.00358698,0.00990975,-0.0627274,0.84785,0.526515,0.0327225,0.0346389,-0.525387,0.850161,-0.169812,0,0,0,1
133031680117322970,592.081,591.477,0.997445,0.0713238,0.00425464,0.0100907,-0.0628494,0.847485,0.527087,0.032629,0.0339877,-0.526007,0.849803,-0.170109,0,0,0,1
133031680117656168,592.081,591.477,0.99745,0.071266,0.00432897,0.0103319,-0.0628252,0.847266,0.527443,0.0325491,0.0339205,-0.526369,0.849582,-0.17037,0,0,0,1
133031680117989365,592.081,591.477,0.997435,0.0714585,0.00424594,0.0106152,-0.0629416,0.847205,0.527527,0.0325359,0.0340986,-0.526441,0.84953,-0.170645,0,0,0,1
133031680118322563,592.081,591.477,0.997426,0.0715898,0.00443512,0.0108442,-0.0631561,0.847241,0.527443,0.0325505,0.0340012,-0.526365,0.849581,-0.170876,0,0,0,1
133031680118655761,592.081,591.477,0.997434,0.0714525,0.00464046,0.0110259,-0.0631533,0.847334,0.527293,0.0325791,0.0337441,-0.526233,0.849673,-0.171126,0,0,0,1
133031680118988958,592.081,591.477,0.997471,0.0709467,0.004498,0.0111694,-0.0626394,0.847226,0.527528,0.0325433,0.0336152,-0.526476,0.849527,-0.171315,0,0,0,1
133031680119322156,592.081,591.477,0.997513,0.0703941,0.00390524,0.0113339,-0.0618454,0.847087,0.527845,0.0324781,0.0338485,-0.526774,0.849334,-0.171438,0,0,0,1
133031680119655354,592.081,591.477,0.997536,0.0701051,0.00317588,0.0115362,-0.0612076,0.847004,0.528052,0.0324728,0.0343287,-0.526945,0.849208,-0.171468,0,0,0,1
133031680119988552,592.081,591.477,0.997535,0.0701453,0.00252584,0.0116911,-0.0609136,0.847246,0.527698,0.0325699,0.0348751,-0.526551,0.84943,-0.1715,0,0,0,1
133031680120321749,592.081,591.477,0.99752,0.0703663,0.00217432,0.011829,-0.0609455,0.847682,0.526994,0.0327237,0.035239,-0.525819,0.849869,-0.171508,0,0,0,1
133031680120654947,592.081,591.477,0.997516,0.0704259,0.00195068,0.0118984,-0.0608992,0.847989,0.526505,0.0328352,0.0354249,-0.525316,0.850172,-0.171531,0,0,0,1
133031680120988144,592.081,591.477,0.997537,0.0701405,0.00172836,0.0118908,-0.06055,0.848168,0.526258,0.0329233,0.0354456,-0.525066,0.850326,-0.171571,0,0,0,1
133031680121321342,592.081,591.477,0.99757,0.069676,0.00159094,0.0118502,-0.0600977,0.848423,0.525897,0.0329763,0.0352921,-0.524714,0.850549,-0.171606,0,0,0,1
133031680121654540,592.081,591.477,0.997594,0.0693288,0.0016169,0.0117797,-0.0598179,0.848469,0.525856,0.0329789,0.0350844,-0.524687,0.850575,-0.171663,0,0,0,1
133031680121987737,592.081,591.477,0.997606,0.0691566,0.0016363,0.0117081,-0.0596819,0.848484,0.525846,0.0329953,0.0349769,-0.524684,0.85058,-0.171789,0,0,0,1
133031680122320934,592.081,591.477,0.997626,0.0688629,0.00180492,0.0116247,-0.0595164,0.84843,0.525952,0.0329947,0.0346867,-0.52481,0.850515,-0.171916,0,0,0,1
133031680122654133,592.081,591.477,0.997642,0.0686006,0.00236458,0.011534,-0.0595911,0.848489,0.525848,0.0330084,0.0340668,-0.524749,0.850577,-0.172109,0,0,0,1
133031680122987330,592.081,591.477,0.997637,0.0686552,0.00300002,0.0114279,-0.059947,0.848089,0.526453,0.0329273,0.0335989,-0.525388,0.850202,-0.17228,0,0,0,1
133031680123320528,592.081,591.477,0.997658,0.0683325,0.00341308,0.0113302,-0.0598657,0.847711,0.527071,0.0328193,0.0331223,-0.526041,0.849817,-0.172493,0,0,0,1
133031680123653725,592.081,591.477,0.997668,0.0681848,0.0035575,0.0113029,-0.0597936,0.847354,0.527654,0.0327078,0.0329631,-0.526635,0.849454,-0.172612,0,0,0,1
133031680123986923,592.081,591.477,0.997679,0.0680001,0.00386137,0.0112786,-0.059787,0.847196,0.527906,0.0326595,0.032626,-0.526911,0.849296,-0.172692,0,0,0,1
133031680124320121,592.081,591.477,0.997677,0.0680086,0.00413543,0.0112931,-0.0599484,0.847344,0.527651,0.0326809,0.0323802,-0.526673,0.849453,-0.172738,0,0,0,1
133031680124653319,592.081,591.477,0.997668,0.0681529,0.00415751,0.0113705,-0.0600942,0.847524,0.527345,0.0327575,0.032416,-0.526364,0.849644,-0.172741,0,0,0,1
133031680124986516,592.081,591.477,0.99765,0.0684109,0.00418028,0.0114864,-0.0603435,0.847803,0.526868,0.0328505,0.032499,-0.525882,0.849939,-0.172724,0,0,0,1
133031680125319714,592.081,591.477,0.997612,0.0689701,0.00404942,0.0116271,-0.0607668,0.84804,0.526439,0.0329632,0.0328738,-0.525427,0.850206,-0.17275,0,0,0,1
133031680125652911,592.081,591.477,0.997576,0.0695072,0.00384229,0.0117763,-0.0611318,0.848288,0.525996,0.0330497,0.0333007,-0.524955,0.85048,-0.172784,0,0,0,1
133031680125986109,592.081,591.477,0.997537,0.070065,0.00354683,0.0119298,-0.0614507,0.84826,0.526003,0.0330321,0.0338454,-0.524925,0.850477,-0.172856,0,0,0,1
133031680126319307,592.081,591.477,0.997504,0.0705446,0.00331447,0.0120503,-0.0617151,0.847911,0.526536,0.0329137,0.0343336,-0.525426,0.850149,-0.172946,0,0,0,1
133031680126652505,592.081,591.477,0.997478,0.07092,0.00326166,0.0121623,-0.061989,0.847624,0.526966,0.0328025,0.0346072,-0.525839,0.849882,-0.173045,0,0,0,1
133031680126985703,592.081,591.477,0.997453,0.0712706,0.00332302,0.012278,-0.0623016,0.847336,0.527392,0.0326903,0.0347715,-0.526255,0.849617,-0.173111,0,0,0,1
133031680127318900,592.081,591.477,0.997435,0.071516,0.00327265,0.0123793,-0.0624707,0.847128,0.527705,0.0325949,0.0349663,-0.526556,0.849424,-0.173191,0,0,0,1
133031680127652098,592.081,591.477,0.997433,0.0715452,0.00321779,0.0124741,-0.0624554,0.84696,0.527977,0.0325108,0.0350486,-0.526822,0.849255,-0.173244,0,0,0,1
133031680127985295,592.081,591.477,0.997442,0.0714069,0.00344568,0.0125165,-0.0624412,0.846703,0.528391,0.0324014,0.0348128,-0.527254,0.848997,-0.17321,0,0,0,1
133031680128318493,592.081,591.477,0.997461,0.071127,0.0039188,0.0125469,-0.0624381,0.846473,0.528759,0.0323594,0.0342914,-0.52766,0.848765,-0.173157,0,0,0,1
133031680128651691,592.081,591.477,0.997472,0.0709459,0.00435007,0.012623,-0.0625214,0.846617,0.528518,0.032412,0.0338129,-0.527454,0.848913,-0.173052,0,0,0,1
133031680128984888,592.081,591.477,0.997474,0.070894,0.00478294,0.0127445,-0.0627177,0.846793,0.528213,0.0325091,0.0333965,-0.527179,0.849101,-0.172951,0,0,0,1
133031680129318086,592.081,591.477,0.997434,0.0714103,0.0052835,0.0129375,-0.0634485,0.847194,0.527483,0.0326546,0.0331912,-0.526465,0.849552,-0.172904,0,0,0,1
133031680129651284,592.081,591.477,0.997371,0.0722869,0.00530747,0.0132158,-0.0642094,0.847198,0.527385,0.0326626,0.0336261,-0.526339,0.849612,-0.172847,0,0,0,1
133031680129984481,592.081,591.477,0.997317,0.0730613,0.00480437,0.0135474,-0.0645781,0.846793,0.527988,0.0325237,0.0345069,-0.526882,0.84924,-0.172809,0,0,0,1
133031680130317679,592.081,591.477,0.997263,0.0738411,0.00408471,0.013868,-0.0648345,0.846375,0.528628,0.0323616,0.0355768,-0.527445,0.848846,-0.172756,0,0,0,1
133031680130650877,592.081,591.477,0.99723,0.0742913,0.0039975,0.0140955,-0.0651601,0.846195,0.528875,0.0322704,0.0359075,-0.52767,0.848693,-0.172698,0,0,0,1
133031680130984074,592.081,591.477,0.997215,0.0744764,0.00414458,0.0142268,-0.0653846,0.846029,0.529114,0.0321928,0.0358997,-0.527911,0.848543,-0.172693,0,0,0,1
133031680131317272,592.081,591.477,0.997233,0.0742313,0.00434479,0.0143232,-0.0652691,0.845842,0.529427,0.0320806,0.0356245,-0.528245,0.848347,-0.172655,0,0,0,1
133031680131650470,592.081,591.477,0.997247,0.0740177,0.0047625,0.0143667,-0.0652867,0.845512,0.529951,0.0320081,0.0351986,-0.528803,0.848017,-0.172694,0,0,0,1
133031680131983667,592.081,591.477,0.997268,0.0736994,0.00529635,0.0143954,-0.0652939,0.845428,0.530085,0.0319678,0.0345886,-0.528982,0.84793,-0.172702,0,0,0,1
133031680132316865,592.081,591.477,0.997283,0.0734595,0.00566906,0.0144664,-0.0652805,0.845319,0.53026,0.0319404,0.0341601,-0.529189,0.847818,-0.172713,0,0,0,1
133031680132650062,592.081,591.477,0.997299,0.0732317,0.0057933,0.014572,-0.0651486,0.845259,0.530373,0.0319179,0.0339427,-0.529317,0.847747,-0.172726,0,0,0,1
133031680132983260,592.081,591.477,0.997303,0.0731712,0.00594878,0.014708,-0.0651718,0.845134,0.530569,0.0318777,0.0337945,-0.529525,0.847623,-0.172719,0,0,0,1
133031680133316458,592.081,591.477,0.997293,0.0733042,0.00607723,0.0148804,-0.0653555,0.845166,0.530495,0.0318613,0.0337509,-0.529455,0.847668,-0.172708,0,0,0,1
133031680133649656,592.081,591.477,0.997277,0.0735173,0.00594929,0.0150828,-0.0654667,0.845132,0.530535,0.0318404,0.0339752,-0.52948,0.847644,-0.172718,0,0,0,1
133031680133982853,592.081,591.477,0.997259,0.0737859,0.00571054,0.0152985,-0.0655644,0.84507,0.530621,0.0318068,0.0343262,-0.529541,0.847592,-0.172718,0,0,0,1
133031680134316051,592.081,591.477,0.997237,0.0740845,0.0057165,0.0154692,-0.0658172,0.844998,0.530706,0.0317805,0.0344861,-0.529615,0.847539,-0.172723,0,0,0,1
133031680134649248,592.081,591.477,0.997219,0.0742896,0.00610676,0.0156091,-0.066188,0.844819,0.530943,0.0317429,0.034284,-0.52987,0.847388,-0.17267,0,0,0,1
133031680134982446,592.081,591.477,0.997203,0.0744693,0.00653186,0.0157007,-0.0665686,0.844839,0.530866,0.0317627,0.0340144,-0.529815,0.847433,-0.172629,0,0,0,1
133031680135315644,592.081,591.477,0.997203,0.0744584,0.00661144,0.0157822,-0.0666055,0.844898,0.530765,0.0318227,0.0339334,-0.529721,0.847495,-0.172617,0,0,0,1
133031680135648841,592.081,591.477,0.997196,0.074552,0.00665638,0.0158664,-0.0667229,0.845114,0.530407,0.0318953,0.0339169,-0.529363,0.847719,-0.172571,0,0,0,1
133031680135982039,592.081,591.477,0.99717,0.0749032,0.00667807,0.0159293,-0.0670369,0.845165,0.530287,0.031958,0.0340756,-0.529234,0.847794,-0.172541,0,0,0,1
133031680136315237,592.081,591.477,0.99716,0.075027,0.00675702,0.0159311,-0.067181,0.845112,0.530353,0.0319391,0.03408,-0.5293,0.847752,-0.172411,0,0,0,1
133031680136648435,592.081,591.477,0.997163,0.0749747,0.00677696,0.0158347,-0.0671401,0.845006,0.530527,0.0319122,0.034049,-0.529477,0.847643,-0.172227,0,0,0,1
133031680136981632,592.081,591.477,0.997185,0.0746285,0.00735161,0.0156455,-0.0671655,0.845234,0.53016,0.0319495,0.0333506,-0.529162,0.847868,-0.172025,0,0,0,1
133031680137314830,592.081,591.477,0.997171,0.074695,0.00857192,0.0154215,-0.0678804,0.84539,0.529821,0.0319682,0.0323276,-0.528904,0.848068,-0.171762,0,0,0,1
133031680137648027,592.081,591.477,0.997149,0.0748615,0.00960967,0.0152488,-0.068574,0.8454,0.529715,0.0319756,0.0315307,-0.528863,0.848124,-0.171495,0,0,0,1
133031680137981225,592.081,591.477,0.997126,0.0750493,0.0104756,0.0150775,-0.0692069,0.845618,0.529285,0.0320331,0.0308634,-0.528488,0.848382,-0.171313,0,0,0,1
133031680138314422,592.081,591.477,0.997124,0.0748585,0.0119234,0.0148529,-0.0698234,0.845806,0.528904,0.0320584,0.0295075,-0.528215,0.8486,-0.171152,0,0,0,1
133031680138647620,592.081,591.477,0.99714,0.074353,0.0136364,0.0145843,-0.0702986,0.845758,0.528917,0.0320231,0.0277929,-0.528363,0.848566,-0.171014,0,0,0,1
133031680138980818,592.081,591.477,0.997158,0.0739305,0.0146067,0.0144325,-0.0704383,0.845462,0.529371,0.0319169,0.026787,-0.528894,0.848267,-0.170826,0,0,0,1
133031680139314016,592.081,591.477,0.997188,0.0735424,0.0144709,0.0144182,-0.0700242,0.845232,0.529793,0.0318224,0.0267305,-0.529316,0.848006,-0.170602,0,0,0,1
133031680139647213,592.081,591.477,0.99721,0.0733391,0.0139869,0.0144632,-0.0695848,0.845051,0.53014,0.0317495,0.0270599,-0.529634,0.847797,-0.170302,0,0,0,1
133031680139980411,592.081,591.477,0.997211,0.0733968,0.0135753,0.0145339,-0.0694077,0.844911,0.530387,0.0317189,0.0274581,-0.52985,0.847649,-0.169939,0,0,0,1
133031680140313608,592.081,591.477,0.997215,0.0734296,0.0131472,0.0145869,-0.0692144,0.845033,0.530218,0.0317791,0.0278235,-0.529651,0.847762,-0.169549,0,0,0,1
133031680140646806,592.081,591.477,0.997219,0.0734805,0.0125637,0.0146788,-0.0689711,0.845475,0.529543,0.0319442,0.0282883,-0.528937,0.848192,-0.169243,0,0,0,1
133031680140980004,592.081,591.477,0.997225,0.0734201,0.0124339,0.0147456,-0.0688822,0.846057,0.528625,0.0321343,0.0282915,-0.528014,0.848767,-0.169033,0,0,0,1
133031680141313201,592.081,591.477,0.997228,0.0733308,0.0126746,0.0147825,-0.0689484,0.846337,0.528168,0.0322019,0.0280035,-0.527577,0.849047,-0.168859,0,0,0,1
133031680141646399,592.081,591.477,0.997252,0.0730656,0.0123984,0.0148784,-0.0685524,0.845892,0.528932,0.032101,0.0281585,-0.528328,0.848576,-0.16871,0,0,0,1
133031680141979596,592.081,591.477,0.997283,0.0727016,0.0119512,0.0150505,-0.0679947,0.845701,0.529309,0.0319967,0.0283741,-0.528683,0.848347,-0.168565,0,0,0,1
133031680142312794,592.081,591.477,0.997266,0.0729936,0.0116203,0.0152335,-0.0680491,0.845357,0.529851,0.031966,0.0288519,-0.529192,0.848014,-0.168547,0,0,0,1
133031680142645992,592.081,591.477,0.997276,0.0728366,0.0117449,0.0154049,-0.0679852,0.845424,0.529752,0.0319096,0.0286554,-0.529107,0.848073,-0.168467,0,0,0,1
133031680142979190,592.081,591.477,0.997267,0.0729663,0.0116984,0.0156205,-0.0680466,0.844978,0.530456,0.0318072,0.0288202,-0.529802,0.847634,-0.168451,0,0,0,1
133031680143312387,592.081,591.477,0.997262,0.0730491,0.0115915,0.0159042,-0.0680406,0.844618,0.531029,0.031698,0.0290002,-0.530363,0.847277,-0.168369,0,0,0,1
133031680143645585,592.081,591.477,0.997242,0.0733173,0.0116377,0.0161988,-0.0682883,0.844525,0.531146,0.0316346,0.0291134,-0.530475,0.847203,-0.168315,0,0,0,1
133031680143978782,592.081,591.477,0.997226,0.0735503,0.0115663,0.0164698,-0.0684289,0.844171,0.53169,0.0315769,0.0293416,-0.531006,0.846862,-0.168247,0,0,0,1
133031680144311980,592.081,591.477,0.997229,0.0734767,0.0117888,0.016723,-0.0684883,0.844232,0.531586,0.0315976,0.0291062,-0.53092,0.846924,-0.168132,0,0,0,1
133031680144645178,592.081,591.477,0.997227,0.0734507,0.0120726,0.016956,-0.0686222,0.844324,0.531422,0.0316184,0.0288398,-0.530776,0.847024,-0.16803,0,0,0,1
133031680144978375,592.081,591.477,0.997223,0.073515,0.0120468,0.017239,-0.0686583,0.844227,0.531571,0.0316015,0.0289079,-0.530922,0.84693,-0.167902,0,0,0,1
133031680145311573,592.081,591.477,0.997207,0.0738025,0.0115765,0.0175552,-0.0686523,0.844235,0.531559,0.0315422,0.0294566,-0.530869,0.846944,-0.167742,0,0,0,1
133031680145644771,592.081,591.477,0.99716,0.0745608,0.0106702,0.017916,-0.0688001,0.84399,0.531929,0.0314752,0.030655,-0.531153,0.846724,-0.16761,0,0,0,1
133031680145977968,592.081,591.477,0.997101,0.0754588,0.00993711,0.0182307,-0.069176,0.844044,0.531795,0.0314814,0.0317407,-0.530941,0.846817,-0.167471,0,0,0,1
133031680146311166,592.081,591.477,0.997049,0.0761627,0.00971624,0.0184034,-0.0696768,0.844367,0.531217,0.0315891,0.0322544,-0.530326,0.847182,-0.167387,0,0,0,1
133031680146644363,592.081,591.477,0.99703,0.076403,0.00985429,0.0184146,-0.0699732,0.844671,0.530694,0.0317218,0.0322225,-0.529807,0.847508,-0.167355,0,0,0,1
133031680146977561,592.081,591.477,0.997052,0.0760693,0.0101415,0.0183322,-0.0698624,0.845013,0.530163,0.0318228,0.0317592,-0.529309,0.847837,-0.167355,0,0,0,1
133031680147310758,592.081,591.477,0.997078,0.0757042,0.0103358,0.0182078,-0.0696626,0.845142,0.529984,0.0318799,0.0313864,-0.529155,0.847947,-0.1674,0,0,0,1
133031680147643956,592.081,591.477,0.99712,0.0751092,0.0106101,0.0180621,-0.0693173,0.845412,0.529597,0.0319058,0.0308073,-0.528807,0.848185,-0.167483,0,0,0,1
133031680147977154,592.081,591.477,0.997135,0.0749031,0.0106331,0.0180181,-0.0691364,0.845109,0.530106,0.0318036,0.03072,-0.529322,0.847867,-0.167483,0,0,0,1
133031680148310352,592.081,591.477,0.997122,0.0751599,0.0100191,0.018121,-0.0690086,0.84477,0.530664,0.0317314,0.03142,-0.529828,0.847525,-0.167462,0,0,0,1
133031680148643549,592.081,591.477,0.997044,0.0762572,0.00950837,0.0182995,-0.0696908,0.845093,0.53006,0.0318346,0.032385,-0.529155,0.84791,-0.167415,0,0,0,1
133031680148976747,592.081,591.477,0.997,0.0768802,0.00910291,0.0184543,-0.0700465,0.845743,0.528975,0.0319464,0.0329684,-0.528025,0.848591,-0.167381,0,0,0,1
133031680149309944,592.081,591.477,0.996954,0.0775782,0.00819215,0.0186856,-0.0701568,0.845715,0.529005,0.031978,0.0341106,-0.527967,0.848582,-0.167284,0,0,0,1
133031680149643142,592.081,591.477,0.996916,0.0781793,0.00699568,0.0189246,-0.0700573,0.846054,0.528475,0.0320817,0.0353967,-0.527335,0.848922,-0.167237,0,0,0,1
133031680149976340,592.081,591.477,0.996889,0.0785986,0.00607297,0.0191356,-0.0699545,0.846465,0.527831,0.0322197,0.0363456,-0.526614,0.84933,-0.167183,0,0,0,1
133031680150309537,592.081,591.477,0.996857,0.0790459,0.00547975,0.0193138,-0.0700499,0.846859,0.527185,0.0323749,0.0370309,-0.525912,0.849735,-0.167183,0,0,0,1
133031680150642735,592.081,591.477,0.996847,0.079181,0.00535089,0.0194577,-0.0701314,0.847339,0.526403,0.032515,0.0371466,-0.525118,0.85022,-0.167219,0,0,0,1
133031680150975933,592.081,591.477,0.996828,0.0794113,0.00543961,0.0195789,-0.070388,0.847522,0.526074,0.0326086,0.0371653,-0.524787,0.850424,-0.167324,0,0,0,1
