373.25,201.301,760,428
133032534525331277,585.98,585.464,0.999796,0.0167229,0.0114893,-0.00492859,-0.0200309,0.903587,0.427939,0.0529425,-0.003224,-0.428082,0.903735,-0.17672,0,0,0,1
133032534525664473,585.98,585.464,0.999798,0.016906,0.0109964,-0.00516582,-0.0199855,0.903558,0.428002,0.0529528,-0.00269864,-0.428135,0.903712,-0.176795,0,0,0,1
133032534525997670,586.156,585.632,0.999794,0.0176516,0.010267,-0.00539494,-0.0203493,0.903004,0.429153,0.0528607,-0.00169463,-0.429273,0.903174,-0.176966,0,0,0,1
133032534526330865,586.681,586.139,0.999765,0.0190955,0.0104851,-0.00579667,-0.0217474,0.902839,0.429432,0.052949,-0.00126471,-0.429558,0.903039,-0.177238,0,0,0,1
133032534526664061,587.207,586.645,0.999716,0.0213114,0.0108356,-0.00642157,-0.0238988,0.902952,0.429078,0.053201,-0.000638437,-0.429214,0.903203,-0.177615,0,0,0,1
133032534526997257,587.732,587.151,0.999689,0.022493,0.0109307,-0.00734329,-0.0250064,0.903676,0.427489,0.0536876,-0.000260998,-0.427628,0.903955,-0.178182,0,0,0,1
133032534527330453,588.083,587.489,0.999711,0.021313,0.0113327,-0.00861931,-0.0241085,0.904941,0.424857,0.0541246,-0.0011995,-0.425007,0.90519,-0.178919,0,0,0,1
133032534527663649,588.608,587.995,0.999746,0.0196106,0.0112886,-0.00996637,-0.0225495,0.904775,0.425294,0.0540404,-0.0018721,-0.42544,0.904985,-0.179571,0,0,0,1
133032534527996845,589.134,588.501,0.999793,0.0171024,0.0111952,-0.0113328,-0.0202417,0.904554,0.425881,0.0539286,-0.00284201,-0.426018,0.904711,-0.180273,0,0,0,1
133032534528330040,589.617,588.982,0.999828,0.0141405,0.012128,-0.0125809,-0.0179535,0.905098,0.424826,0.0539336,-0.00496839,-0.424971,0.905194,-0.180961,0,0,0,1
133032534528663236,590.079,589.45,0.99985,0.0130242,0.0116451,-0.0133748,-0.0167445,0.904539,0.426066,0.053633,-0.00498291,-0.426196,0.904618,-0.181482,0,0,0,1
133032534528996432,590.079,589.45,0.999858,0.0137404,0.00998943,-0.0137887,-0.0166912,0.90394,0.427337,0.0533502,-0.00315671,-0.427441,0.904038,-0.181851,0,0,0,1
133032534529329628,590.079,589.45,0.999854,0.0143774,0.00940732,-0.0141566,-0.0170168,0.904215,0.426741,0.05335,-0.00236953,-0.426839,0.904325,-0.18221,0,0,0,1
133032534529662824,589.617,588.982,0.999838,0.0150032,0.0101485,-0.0145512,-0.0178965,0.904602,0.425884,0.0533924,-0.00278949,-0.425996,0.904721,-0.182586,0,0,0,1
133032534529996020,589.134,588.501,0.999819,0.0156673,0.0109534,-0.0148563,-0.0188415,0.904402,0.426267,0.0532813,-0.00322638,-0.426395,0.904532,-0.182875,0,0,0,1
133032534530329216,588.608,587.995,0.999805,0.0158675,0.0119614,-0.0150988,-0.0194546,0.90416,0.426753,0.0532029,-0.00404222,-0.426901,0.90429,-0.183146,0,0,0,1
133032534530662412,588.083,587.489,0.999785,0.0163579,0.0129284,-0.0152135,-0.0203094,0.904284,0.426452,0.0532095,-0.00471381,-0.426622,0.904419,-0.183467,0,0,0,1
133032534530995608,587.732,587.151,0.999769,0.0175682,0.0125272,-0.0150831,-0.0212387,0.903615,0.427821,0.0529685,-0.0038024,-0.427987,0.903777,-0.183658,0,0,0,1
133032534531328803,587.207,586.645,0.999762,0.0188646,0.0111064,-0.0148447,-0.0218045,0.903148,0.428777,0.0527878,-0.00194068,-0.428917,0.903342,-0.183829,0,0,0,1
133032534531661999,586.681,586.139,0.999755,0.0197564,0.0101958,-0.0146656,-0.0222193,0.903237,0.428568,0.0527461,-0.000741024,-0.428688,0.903453,-0.184022,0,0,0,1
133032534531995195,586.156,585.632,0.999733,0.0205663,0.0107455,-0.0146365,-0.0231867,0.903198,0.428599,0.0527172,-0.000889335,-0.428733,0.903431,-0.184232,0,0,0,1
133032534532328391,585.98,585.464,0.999701,0.0212578,0.0122618,-0.0147388,-0.0244622,0.902998,0.428949,0.0526488,-0.00195247,-0.42912,0.903246,-0.184476,0,0,0,1
133032534532661587,585.98,585.464,0.999687,0.0215884,0.012831,-0.0147901,-0.0250083,0.902408,0.430159,0.0524366,-0.00229113,-0.430344,0.902663,-0.184673,0,0,0,1
133032534532994783,585.98,585.464,0.9997,0.0213312,0.0122203,-0.0147965,-0.0245159,0.901824,0.431411,0.052175,-0.00181692,-0.43158,0.902074,-0.184823,0,0,0,1
133032534533327978,585.98,585.464,0.999712,0.0206829,0.0123596,-0.0149043,-0.0239932,0.901419,0.432285,0.0519612,-0.00219896,-0.432455,0.901653,-0.184925,0,0,0,1
133032534533661174,585.98,585.464,0.999703,0.019991,0.0140688,-0.0150983,-0.0241121,0.901057,0.433032,0.0518055,-0.00401881,-0.433242,0.901269,-0.185007,0,0,0,1
133032534533994370,586.156,585.632,0.99967,0.0199548,0.0163149,-0.0152345,-0.0250573,0.900691,0.433738,0.0516496,-0.00603825,-0.434003,0.900892,-0.185023,0,0,0,1
133032534534327566,586.681,586.139,0.999647,0.0202427,0.0173346,-0.0151391,-0.0257666,0.900212,0.434691,0.0514524,-0.00680438,-0.434983,0.900414,-0.185004,0,0,0,1
133032534534660762,586.156,585.632,0.999644,0.0208884,0.0167485,-0.0147347,-0.0261008,0.899639,0.435856,0.0511937,-0.00596202,-0.436137,0.899861,-0.184896,0,0,0,1
133032534534993958,585.98,585.464,0.999633,0.0224653,0.0152511,-0.0140944,-0.0268733,0.898901,0.437331,0.0509152,-0.00388322,-0.43758,0.899172,-0.184656,0,0,0,1
133032534535327153,585.98,585.464,0.999611,0.024534,0.0134505,-0.0133741,-0.0279467,0.898534,0.438017,0.0508158,-0.0013383,-0.438221,0.898867,-0.184397,0,0,0,1
133032534535660350,585.98,585.464,0.999587,0.0261499,0.0120047,-0.0127697,-0.0287656,0.898564,0.437901,0.0508142,0.000665417,-0.438065,0.898944,-0.18414,0,0,0,1
133032534535993546,585.98,585.464,0.999573,0.0269478,0.0114797,-0.0123742,-0.029253,0.898551,0.437896,0.0508032,0.00148662,-0.438044,0.898953,-0.183959,0,0,0,1
133032534536326741,585.98,585.464,0.999559,0.0272643,0.0119619,-0.0121589,-0.0297488,0.898566,0.437831,0.0507848,0.00118987,-0.437993,0.898978,-0.183799,0,0,0,1
133032534536659937,585.98,585.464,0.999549,0.0270693,0.0131859,-0.0120943,-0.0301096,0.898638,0.437659,0.0507789,-1.04122e-06,-0.437857,0.899045,-0.183701,0,0,0,1
133032534536993133,585.98,585.464,0.999539,0.0267641,0.0144763,-0.0120604,-0.0304002,0.89862,0.437675,0.0507612,-0.00129339,-0.437912,0.899017,-0.18366,0,0,0,1
133032534537326329,585.98,585.464,0.99953,0.0266432,0.0153047,-0.0119898,-0.0306551,0.898457,0.437992,0.0507212,-0.00207986,-0.438254,0.898849,-0.183717,0,0,0,1
133032534537659525,585.98,585.464,0.999523,0.0267789,0.0154905,-0.011878,-0.0308592,0.898287,0.438326,0.0506716,-0.00217564,-0.438594,0.898683,-0.18383,0,0,0,1
133032534537992721,585.98,585.464,0.999525,0.0268857,0.015172,-0.0117521,-0.030816,0.89818,0.438549,0.050642,-0.00183507,-0.438808,0.89858,-0.183971,0,0,0,1
133032534538325916,585.98,585.464,0.999542,0.0264797,0.0147918,-0.011688,-0.030285,0.89807,0.438812,0.0506318,-0.00166328,-0.439058,0.898458,-0.184169,0,0,0,1
133032534538659112,585.98,585.464,0.999567,0.0255086,0.0148006,-0.0117633,-0.0294171,0.897919,0.439179,0.0505939,-0.00208562,-0.439424,0.898279,-0.184376,0,0,0,1
133032534538992308,585.98,585.464,0.999594,0.0242235,0.0151751,-0.0118952,-0.0284284,0.89777,0.439549,0.0505908,-0.00297508,-0.439801,0.898091,-0.18458,0,0,0,1
133032534539325504,585.98,585.464,0.999619,0.0229583,0.0154805,-0.0120232,-0.0274278,0.897661,0.439834,0.0506008,-0.00379726,-0.44009,0.897946,-0.184791,0,0,0,1
133032534539658700,585.98,585.464,0.999644,0.021775,0.0155608,-0.0120738,-0.0264019,0.897535,0.440154,0.0505891,-0.00438067,-0.440408,0.897788,-0.184992,0,0,0,1
133032534539991896,585.98,585.464,0.99966,0.0210632,0.0155269,-0.0120399,-0.0257492,0.897433,0.440403,0.0505571,-0.00465686,-0.440652,0.897667,-0.185184,0,0,0,1
133032534540325091,585.98,585.464,0.999667,0.0206925,0.0155391,-0.0119076,-0.0254235,0.897284,0.440723,0.0505013,-0.00482204,-0.440971,0.897509,-0.185337,0,0,0,1
133032534540658288,585.98,585.464,0.999666,0.0207421,0.0155772,-0.0117495,-0.0254851,0.897247,0.440796,0.0505092,-0.00483219,-0.441045,0.897473,-0.185527,0,0,0,1
133032534540991484,585.98,585.464,0.999661,0.0210666,0.0154783,-0.0115454,-0.0257329,0.897228,0.44082,0.0505195,-0.0045997,-0.441068,0.897463,-0.18571,0,0,0,1
133032534541324679,585.98,585.464,0.999659,0.021216,0.0153243,-0.0113487,-0.0257998,0.897149,0.440976,0.0504594,-0.00439091,-0.44122,0.897389,-0.185802,0,0,0,1
133032534541657875,585.98,585.464,0.999661,0.0212743,0.0151265,-0.0111728,-0.0257653,0.897132,0.441013,0.0504489,-0.00418705,-0.441252,0.897374,-0.18594,0,0,0,1
133032534541991071,585.98,585.464,0.999663,0.0211163,0.0152599,-0.0110583,-0.025681,0.897261,0.440756,0.0504713,-0.00438377,-0.440999,0.897498,-0.186003,0,0,0,1
133032534542324267,585.98,585.464,0.999665,0.0208785,0.0154556,-0.0110385,-0.0255522,0.897401,0.440477,0.0504971,-0.00467195,-0.440724,0.897631,-0.186119,0,0,0,1
133032534542657463,585.98,585.464,0.99967,0.0206865,0.0153802,-0.0109744,-0.025346,0.897477,0.440334,0.050492,-0.00469309,-0.440578,0.897703,-0.186234,0,0,0,1
133032534542990659,585.98,585.464,0.999674,0.0206907,0.015121,-0.0109339,-0.0252378,0.897268,0.440766,0.0504215,-0.00444658,-0.441003,0.897495,-0.186392,0,0,0,1
133032534543323854,585.98,585.464,0.999677,0.0208078,0.0147286,-0.0108664,-0.0251703,0.897201,0.440908,0.0503912,-0.00403863,-0.441135,0.897432,-0.186529,0,0,0,1
133032534543657050,585.98,585.464,0.999682,0.020891,0.0142708,-0.010812,-0.0250421,0.897307,0.440698,0.0504107,-0.00359719,-0.440915,0.897543,-0.186661,0,0,0,1
133032534543990246,585.98,585.464,0.999684,0.0210714,0.0138604,-0.010781,-0.0250231,0.897337,0.440638,0.0503988,-0.00315117,-0.440845,0.897579,-0.18681,0,0,0,1
133032534544323442,585.98,585.464,0.999682,0.0213612,0.0135755,-0.0108185,-0.0251569,0.897438,0.440425,0.0504079,-0.002774,-0.440625,0.897688,-0.186994,0,0,0,1
133032534544656638,585.98,585.464,0.999679,0.0215814,0.0134228,-0.010891,-0.0252858,0.897718,0.439848,0.0505025,-0.00255609,-0.440045,0.897973,-0.187211,0,0,0,1
133032534544989834,585.98,585.464,0.999677,0.0217603,0.0132874,-0.0109577,-0.0253853,0.897983,0.4393,0.0505888,-0.00237116,-0.439495,0.898243,-0.187402,0,0,0,1
133032534545323029,585.98,585.464,0.999676,0.0218619,0.0131708,-0.0110848,-0.0254245,0.898126,0.439005,0.0506225,-0.00223009,-0.439197,0.898389,-0.187599,0,0,0,1
133032534545656225,585.98,585.464,0.999678,0.0217698,0.0132058,-0.0112584,-0.0253569,0.898209,0.438839,0.0506399,-0.002307,-0.439031,0.89847,-0.187848,0,0,0,1
133032534545989421,585.98,585.464,0.99968,0.0215747,0.0133326,-0.0114844,-0.0252369,0.898253,0.438755,0.0506499,-0.00250865,-0.43895,0.898508,-0.188165,0,0,0,1
133032534546322617,585.98,585.464,0.999684,0.0213005,0.0134801,-0.0117216,-0.0250562,0.898105,0.43907,0.0506222,-0.00275273,-0.439268,0.898353,-0.188509,0,0,0,1
133032534546655814,585.98,585.464,0.99969,0.0209299,0.0135993,-0.0119829,-0.0247769,0.897926,0.43945,0.0505774,-0.00301204,-0.43965,0.898164,-0.188876,0,0,0,1
133032534546989009,585.98,585.464,0.999692,0.0206086,0.0139437,-0.0122266,-0.02464,0.897904,0.439504,0.0505908,-0.00346124,-0.439711,0.898133,-0.189281,0,0,0,1
133032534547322205,585.98,585.464,0.999686,0.0206097,0.0143895,-0.0124698,-0.0248373,0.897855,0.439593,0.0505772,-0.00385842,-0.439812,0.898082,-0.189758,0,0,0,1
133032534547655401,585.98,585.464,0.999683,0.0206281,0.0145661,-0.012691,-0.024935,0.89748,0.440352,0.0504572,-0.00398772,-0.440575,0.897707,-0.190271,0,0,0,1
133032534547988597,585.98,585.464,0.999689,0.0204797,0.0144039,-0.0128613,-0.0247342,0.897029,0.441282,0.0502882,-0.00388199,-0.441499,0.897254,-0.19076,0,0,0,1
133032534548321792,585.98,585.464,0.999693,0.0203481,0.0142877,-0.0130475,-0.0245684,0.896643,0.442074,0.050122,-0.00381426,-0.442289,0.896865,-0.191224,0,0,0,1
133032534548654987,585.98,585.464,0.999693,0.0202081,0.0144963,-0.0132434,-0.0245384,0.896277,0.442818,0.049974,-0.00404295,-0.443037,0.896495,-0.1916,0,0,0,1
133032534548988184,585.98,585.464,0.999692,0.0201802,0.014617,-0.0134494,-0.0245691,0.89603,0.443317,0.0498757,-0.00414964,-0.443538,0.896247,-0.19192,0,0,0,1
133032534549321379,585.98,585.464,0.999693,0.0201087,0.0145964,-0.0136185,-0.024495,0.896125,0.443129,0.0498934,-0.00416818,-0.44335,0.89634,-0.192201,0,0,0,1
133032534549654576,585.98,585.464,0.999686,0.0204052,0.0146883,-0.0137639,-0.0248004,0.896244,0.44287,0.0499222,-0.00412605,-0.443095,0.896466,-0.192443,0,0,0,1
133032534549987772,585.98,585.464,0.999675,0.0207759,0.0148981,-0.0138981,-0.0252252,0.896287,0.442759,0.0499523,-0.00415293,-0.44299,0.896518,-0.19265,0,0,0,1
133032534550320968,585.98,585.464,0.999668,0.0211314,0.0148429,-0.014025,-0.0255183,0.896423,0.442465,0.0500026,-0.00395444,-0.442696,0.896664,-0.192852,0,0,0,1
133032534550654164,585.98,585.464,0.999668,0.0213316,0.0145953,-0.0141749,-0.0255868,0.896555,0.442194,0.0500638,-0.00365137,-0.44242,0.896802,-0.193088,0,0,0,1
133032534550987360,585.98,585.464,0.999666,0.0213636,0.0146765,-0.0143759,-0.0256507,0.896657,0.441984,0.0500903,-0.00371608,-0.442212,0.896904,-0.193312,0,0,0,1
133032534551320555,585.98,585.464,0.999658,0.0214108,0.0151333,-0.014611,-0.0258939,0.896772,0.441736,0.0501263,-0.0041119,-0.441976,0.897018,-0.19351,0,0,0,1
133032534551653751,585.98,585.464,0.999649,0.0212587,0.0159201,-0.0148873,-0.0261028,0.896996,0.44127,0.050189,-0.00489827,-0.44153,0.897234,-0.193664,0,0,0,1
133032534551986947,585.98,585.464,0.999642,0.0212344,0.0163906,-0.0151334,-0.0262866,0.897151,0.440944,0.0502806,-0.00534027,-0.441217,0.897385,-0.1938,0,0,0,1
133032534552320143,585.98,585.464,0.999645,0.0212685,0.01618,-0.015332,-0.026223,0.897269,0.440707,0.0503247,-0.00514334,-0.440974,0.897506,-0.193893,0,0,0,1
133032534552653339,585.98,585.464,0.999655,0.0210737,0.0158133,-0.0155141,-0.025886,0.897326,0.440611,0.0503211,-0.00490314,-0.440868,0.89756,-0.193961,0,0,0,1
133032534552986535,585.98,585.464,0.999666,0.0206869,0.0156016,-0.0157096,-0.0254459,0.897293,0.440704,0.0502315,-0.00488103,-0.440953,0.897518,-0.193951,0,0,0,1
133032534553319730,585.98,585.464,0.999683,0.020023,0.0153916,-0.015903,-0.024761,0.896997,0.441345,0.0500927,-0.00496786,-0.441585,0.897206,-0.193929,0,0,0,1
133032534553652926,585.98,585.464,0.999697,0.0191566,0.0155975,-0.0161173,-0.0240771,0.896815,0.441753,0.0500052,-0.00552434,-0.441994,0.897002,-0.193842,0,0,0,1
133032534553986122,585.98,585.464,0.999698,0.0187233,0.0160546,-0.0162575,-0.0238899,0.896849,0.441695,0.0500357,-0.00612732,-0.441944,0.897022,-0.193739,0,0,0,1
133032534554319318,585.98,585.464,0.999694,0.018709,0.0163457,-0.016284,-0.0240043,0.896946,0.441492,0.0501051,-0.00640012,-0.441748,0.897117,-0.1936,0,0,0,1
133032534554652514,585.98,585.464,0.999688,0.018701,0.016643,-0.0162096,-0.0241263,0.897096,0.441179,0.0501823,-0.00667848,-0.441442,0.897265,-0.193474,0,0,0,1
133032534554985710,585.98,585.464,0.999679,0.0189474,0.0169568,-0.0160644,-0.0244845,0.897168,0.441013,0.0502355,-0.00685563,-0.441286,0.897341,-0.193385,0,0,0,1
133032534555318905,585.98,585.464,0.999671,0.0192981,0.0170167,-0.0158331,-0.0248303,0.89686,0.44162,0.0502,-0.00673781,-0.441897,0.897042,-0.193306,0,0,0,1
133032534555652101,585.98,585.464,0.999661,0.0199535,0.0168396,-0.0155189,-0.0253444,0.896545,0.442229,0.0501668,-0.00627214,-0.442505,0.896745,-0.193165,0,0,0,1
133032534555985297,585.98,585.464,0.999656,0.0202194,0.0168098,-0.0152612,-0.0255753,0.896125,0.443066,0.0501208,-0.00610392,-0.443343,0.896332,-0.192899,0,0,0,1
133032534556318493,585.98,585.464,0.999668,0.0199091,0.0164597,-0.0151002,-0.0251442,0.895967,0.443411,0.0501497,-0.00591817,-0.443677,0.896168,-0.1926,0,0,0,1
133032534556651689,585.98,585.464,0.999686,0.0192693,0.0161299,-0.0150087,-0.024422,0.896168,0.443044,0.0502894,-0.00591659,-0.443298,0.896356,-0.192258,0,0,0,1
133032534556984885,585.98,585.464,0.999703,0.0182082,0.0163228,-0.0149977,-0.0235513,0.896531,0.442357,0.0504165,-0.00657804,-0.44261,0.896691,-0.191803,0,0,0,1
133032534557318080,585.98,585.464,0.999709,0.0175094,0.0167533,-0.0149679,-0.0231155,0.896525,0.442392,0.0505323,-0.00727253,-0.442649,0.896666,-0.19128,0,0,0,1
133032534557984472,585.98,585.464,0.999706,0.0165322,0.0178816,-0.0147507,-0.0227085,0.89805,0.439309,0.0512476,-0.00879441,-0.439584,0.898159,-0.190125,0,0,0,1
133032534558317668,585.98,585.464,0.999696,0.0169394,0.0180245,-0.0145204,-0.0231249,0.898652,0.438054,0.0515537,-0.00877619,-0.438337,0.898769,-0.189587,0,0,0,1
133032534558650864,585.98,585.464,0.999678,0.0169061,0.0190384,-0.014379,-0.0235157,0.899708,0.435861,0.0519037,-0.00975898,-0.436168,0.899813,-0.189172,0,0,0,1
