373.25,201.301,760,428
133032297446396827,586.156,585.632,0.998664,0.0476392,0.0201056,0.00771546,-0.051645,0.899748,0.433346,0.05556,0.00255531,-0.433805,0.901005,-0.173705,0,0,0,1
133032297446730023,586.681,586.139,0.998685,0.0468525,0.0209024,0.00737381,-0.0512797,0.899197,0.434531,0.0553655,0.00156406,-0.435032,0.900416,-0.173721,0,0,0,1
133032297447063220,587.382,586.814,0.998694,0.0461999,0.0218766,0.00698185,-0.0511156,0.898784,0.435403,0.0552637,0.000454307,-0.435953,0.899972,-0.173721,0,0,0,1
133032297447396416,587.907,587.32,0.998693,0.0458084,0.0227291,0.00653744,-0.0511348,0.898918,0.435125,0.0553726,-0.000498205,-0.435719,0.900085,-0.173775,0,0,0,1
133032297447729613,588.433,587.826,0.998691,0.0453069,0.0237977,0.00598121,-0.0511475,0.899343,0.434245,0.0556168,-0.00172722,-0.434894,0.900482,-0.173898,0,0,0,1
133032297448062809,588.958,588.333,0.998731,0.0437618,0.025006,0.00531292,-0.0502745,0.900269,0.432425,0.0559057,-0.0035871,-0.433133,0.901325,-0.174164,0,0,0,1
133032297448396006,589.309,588.67,0.998799,0.041671,0.0258394,0.00470376,-0.0487473,0.900626,0.431855,0.0559696,-0.00527492,-0.432596,0.901575,-0.174517,0,0,0,1
133032297448729202,589.771,589.138,0.998838,0.0405711,0.0260918,0.00424075,-0.0478724,0.900113,0.433021,0.0557456,-0.00591671,-0.433766,0.901008,-0.174828,0,0,0,1
133032297449062398,590.233,589.606,0.998845,0.0403906,0.0261094,0.00387192,-0.0477258,0.899521,0.434266,0.0555872,-0.00594482,-0.435011,0.900408,-0.175203,0,0,0,1
133032297449395595,590.849,590.23,0.998852,0.0395018,0.0271762,0.00348139,-0.0473751,0.900393,0.432494,0.0556626,-0.00738382,-0.433285,0.901229,-0.175756,0,0,0,1
133032297449728792,591.311,590.697,0.998808,0.0400403,0.0280007,0.00323272,-0.0482273,0.899829,0.433571,0.0554808,-0.00783464,-0.434405,0.900686,-0.176143,0,0,0,1
133032297450061988,591.773,591.165,0.998788,0.0404411,0.0281076,0.00306273,-0.048643,0.899338,0.434542,0.0553878,-0.00770417,-0.435383,0.900215,-0.176512,0,0,0,1
133032297450395184,592.081,591.477,0.998805,0.0393733,0.0290155,0.00286341,-0.0480537,0.900483,0.43223,0.055557,-0.00910881,-0.433107,0.901298,-0.177011,0,0,0,1
133032297450728381,591.619,591.009,0.998781,0.0397232,0.0293723,0.00281978,-0.048536,0.899882,0.433426,0.0553096,-0.00921389,-0.434324,0.900712,-0.177263,0,0,0,1
133032297451061577,591.157,590.541,0.998747,0.0409815,0.0288033,0.0029242,-0.0494388,0.898949,0.435258,0.054988,-0.0080547,-0.436136,0.899847,-0.177347,0,0,0,1
133032297451394773,590.695,590.074,0.998721,0.0414218,0.0290495,0.00289798,-0.0499397,0.899097,0.434894,0.0549718,-0.0081031,-0.435789,0.900015,-0.177464,0,0,0,1
133032297451727970,590.079,589.45,0.998679,0.0416936,0.0301014,0.00277853,-0.0506347,0.899441,0.434102,0.0550082,-0.00897425,-0.435052,0.900363,-0.177502,0,0,0,1
133032297452061167,589.617,588.982,0.998639,0.0417806,0.0312631,0.00262046,-0.0512213,0.899299,0.434327,0.0549934,-0.00996745,-0.435338,0.900214,-0.177452,0,0,0,1
133032297452394364,589.134,588.501,0.998601,0.0416665,0.0326255,0.00243092,-0.0516987,0.899792,0.433249,0.0552193,-0.0113036,-0.43433,0.900685,-0.177495,0,0,0,1
133032297452727559,588.608,587.995,0.9986,0.04138,0.033,0.00234437,-0.0515764,0.900769,0.431227,0.0554559,-0.0118801,-0.432326,0.901642,-0.177632,0,0,0,1
133032297453060756,588.083,587.489,0.998662,0.040836,0.0317729,0.00240159,-0.0505564,0.90077,0.431345,0.0554201,-0.0110049,-0.432375,0.901629,-0.177807,0,0,0,1
133032297453393953,587.732,587.151,0.998712,0.0401014,0.0311355,0.00237584,-0.0496118,0.901085,0.430798,0.0553423,-0.0107796,-0.431788,0.901913,-0.178155,0,0,0,1
133032297453727149,587.207,586.645,0.998731,0.0388729,0.0320571,0.00218892,-0.0489085,0.900871,0.431324,0.0551556,-0.0121115,-0.432345,0.901629,-0.178612,0,0,0,1
133032297454060345,587.207,586.645,0.998704,0.03787,0.0340577,0.00189662,-0.0488901,0.900244,0.432634,0.0548982,-0.0142756,-0.433738,0.900928,-0.179089,0,0,0,1
133032297454393542,586.681,586.139,0.998645,0.0373434,0.0363006,0.00165796,-0.0494154,0.899514,0.434089,0.0546503,-0.0164415,-0.435295,0.90014,-0.179578,0,0,0,1
133032297454726738,586.156,585.632,0.998579,0.0376098,0.0378198,0.00147796,-0.0503378,0.898962,0.435128,0.0545264,-0.0176331,-0.436413,0.899576,-0.180104,0,0,0,1
133032297455059935,585.98,585.464,0.998547,0.0378031,0.0384833,0.00131655,-0.050809,0.898761,0.435488,0.054429,-0.0181244,-0.43681,0.899374,-0.180603,0,0,0,1
133032297455393131,585.98,585.464,0.998534,0.0375329,0.0390569,0.00111699,-0.0508158,0.898782,0.435445,0.0544023,-0.0187599,-0.43679,0.89937,-0.181111,0,0,0,1
133032297455726328,585.98,585.464,0.998531,0.0365573,0.0400607,0.000757217,-0.0503809,0.898713,0.435636,0.0543641,-0.0200769,-0.437014,0.899233,-0.181594,0,0,0,1
133032297456059524,585.98,585.464,0.998523,0.0350643,0.0415694,0.00028491,-0.0497019,0.898649,0.435848,0.0543043,-0.0220733,-0.437269,0.899063,-0.182021,0,0,0,1
133032297456392720,585.98,585.464,0.998514,0.0334916,0.0430499,-0.000189781,-0.0489407,0.89858,0.436076,0.0541992,-0.0240791,-0.437534,0.898882,-0.182416,0,0,0,1
133032297456725917,585.98,585.464,0.998525,0.0321897,0.0437719,-0.000469208,-0.0480887,0.89857,0.436192,0.0541301,-0.0252909,-0.437652,0.898791,-0.182726,0,0,0,1
133032297457059114,585.98,585.464,0.998578,0.0314065,0.0431292,-0.000509739,-0.0470996,0.898668,0.436097,0.0540966,-0.0250622,-0.437508,0.898868,-0.182993,0,0,0,1
133032297457392310,585.98,585.464,0.998639,0.0314191,0.041704,-0.000320911,-0.0464904,0.898633,0.436234,0.0540284,-0.0237702,-0.437578,0.898868,-0.183121,0,0,0,1
133032297457725506,585.98,585.464,0.998667,0.0324625,0.0401833,-4.07696e-05,-0.0467673,0.898539,0.436398,0.0539987,-0.0219394,-0.437695,0.898859,-0.183213,0,0,0,1
133032297458058703,585.98,585.464,0.998675,0.0339202,0.0387723,0.000275135,-0.0474544,0.89864,0.436115,0.0540135,-0.0200489,-0.437376,0.899058,-0.183274,0,0,0,1
133032297458391899,585.98,585.464,0.998693,0.035052,0.0372553,0.000555754,-0.0478155,0.898461,0.436445,0.0539861,-0.0181737,-0.437655,0.898962,-0.183255,0,0,0,1
133032297458725096,585.98,585.464,0.998688,0.0358745,0.0366132,0.00066781,-0.0482711,0.898503,0.436308,0.0540537,-0.0172446,-0.437503,0.899055,-0.183245,0,0,0,1
133032297459058292,585.98,585.464,0.998641,0.0367564,0.037013,0.000609398,-0.0492215,0.898923,0.435336,0.054245,-0.0172699,-0.436566,0.899509,-0.183288,0,0,0,1
133032297459391489,585.98,585.464,0.99861,0.0366689,0.0379239,0.00039959,-0.0495231,0.899326,0.434469,0.0543368,-0.0181745,-0.435743,0.89989,-0.183337,0,0,0,1
133032297459724685,585.98,585.464,0.998602,0.0362867,0.0385223,0.000152111,-0.0494496,0.899105,0.434936,0.0542028,-0.0188529,-0.436232,0.89964,-0.183341,0,0,0,1
133032297460057880,585.98,585.464,0.998608,0.0358282,0.0387604,-5.65052e-05,-0.0491529,0.898844,0.435508,0.0540792,-0.0192359,-0.436807,0.899352,-0.183419,0,0,0,1
133032297460391077,585.98,585.464,0.998618,0.0353925,0.0389252,-0.000264883,-0.0488411,0.898677,0.435886,0.0539407,-0.019554,-0.437184,0.899162,-0.183518,0,0,0,1
133032297460724274,585.98,585.464,0.998634,0.0350385,0.038844,-0.000394821,-0.0485061,0.89827,0.436762,0.0537496,-0.0195886,-0.438048,0.898741,-0.183645,0,0,0,1
133032297461057471,585.98,585.464,0.998656,0.0345706,0.0386695,-0.000479698,-0.0480234,0.897969,0.437434,0.0536266,-0.0196015,-0.438702,0.898421,-0.183804,0,0,0,1
133032297461390667,585.98,585.464,0.998683,0.0339774,0.0385075,-0.000552893,-0.0474264,0.897837,0.43777,0.0535407,-0.0196989,-0.439019,0.898264,-0.183982,0,0,0,1
133032297461723864,585.98,585.464,0.998699,0.0334087,0.038591,-0.000587463,-0.0469683,0.897503,0.438504,0.0534235,-0.0199853,-0.439745,0.897903,-0.184136,0,0,0,1
133032297462057060,585.98,585.464,0.998703,0.033055,0.0387973,-0.000583887,-0.0467525,0.897265,0.439012,0.0533075,-0.0202996,-0.440256,0.897646,-0.184263,0,0,0,1
133032297462390255,585.98,585.464,0.998699,0.0330498,0.0388865,-0.000474691,-0.0467917,0.897163,0.439218,0.0532002,-0.0203711,-0.440465,0.897541,-0.184338,0,0,0,1
133032297462723452,585.98,585.464,0.998705,0.0332238,0.0385896,-0.000298023,-0.046824,0.897003,0.439541,0.0531094,-0.0200118,-0.440778,0.897396,-0.184391,0,0,0,1
133032297463056649,585.98,585.464,0.998714,0.0334673,0.0381576,-8.65459e-05,-0.0468586,0.89686,0.439829,0.0530762,-0.0195021,-0.44105,0.897273,-0.184435,0,0,0,1
133032297463389846,585.98,585.464,0.998709,0.0337399,0.0380282,9.05991e-05,-0.047048,0.896819,0.439892,0.0530713,-0.0192622,-0.441112,0.897248,-0.184463,0,0,0,1
133032297463723042,585.98,585.464,0.998699,0.0339171,0.0381508,0.000244141,-0.0472635,0.896749,0.440012,0.0530759,-0.0192877,-0.441242,0.897184,-0.18457,0,0,0,1
133032297464056238,585.98,585.464,0.99869,0.0338877,0.0383894,0.000372171,-0.0473495,0.896582,0.440341,0.0530241,-0.019497,-0.441582,0.897012,-0.184651,0,0,0,1
133032297464389435,585.98,585.464,0.998676,0.0341217,0.0385584,0.000528812,-0.0476403,0.896429,0.440622,0.0529484,-0.01953,-0.441875,0.896867,-0.184791,0,0,0,1
133032297464722631,585.98,585.464,0.998672,0.0343891,0.038431,0.000766993,-0.0478441,0.895965,0.441544,0.0528137,-0.0192482,-0.442795,0.896419,-0.18498,0,0,0,1
133032297465055828,585.98,585.464,0.998676,0.0346214,0.0380973,0.000991821,-0.0479189,0.895629,0.442217,0.052673,-0.0188106,-0.443457,0.896101,-0.185225,0,0,0,1
133032297465389024,585.98,585.464,0.998678,0.0349475,0.0377675,0.0012114,-0.0480838,0.895165,0.443138,0.052607,-0.0183213,-0.444367,0.89566,-0.185479,0,0,0,1
133032297465722221,585.98,585.464,0.998688,0.0349144,0.0375393,0.00138187,-0.0479612,0.894959,0.443566,0.0525659,-0.0181091,-0.444783,0.895458,-0.185682,0,0,0,1
133032297466055416,585.98,585.464,0.998692,0.0349299,0.037416,0.00151491,-0.0479288,0.89475,0.443991,0.0524977,-0.017969,-0.445203,0.895252,-0.185858,0,0,0,1
133032297466388612,585.98,585.464,0.998688,0.03474,0.0376814,0.00156784,-0.0478875,0.89449,0.444519,0.0524435,-0.0182628,-0.445739,0.894979,-0.186013,0,0,0,1
133032297466721810,585.98,585.464,0.998676,0.0345505,0.0381744,0.00158072,-0.0479462,0.894291,0.444913,0.0524126,-0.0187669,-0.446153,0.894762,-0.186143,0,0,0,1
133032297467055006,585.98,585.464,0.998664,0.0344813,0.0385355,0.00163174,-0.0480569,0.894019,0.445446,0.0523622,-0.0190917,-0.446702,0.894482,-0.186279,0,0,0,1
133032297467388203,585.98,585.464,0.998642,0.034975,0.038671,0.00173593,-0.0485633,0.893898,0.445634,0.0523227,-0.0189814,-0.446906,0.894382,-0.186393,0,0,0,1
133032297467721400,585.98,585.464,0.998643,0.0355192,0.0381331,0.00190902,-0.0488114,0.893847,0.44571,0.0522682,-0.0182536,-0.446966,0.894367,-0.186462,0,0,0,1
133032297468054596,585.98,585.464,0.99867,0.0358045,0.0371834,0.00209427,-0.0486546,0.893533,0.446357,0.0521859,-0.0172428,-0.447571,0.894085,-0.186441,0,0,0,1
133032297468387792,585.98,585.464,0.998691,0.0358563,0.036548,0.00218558,-0.0484149,0.893582,0.446285,0.0522087,-0.0166563,-0.44747,0.894146,-0.186398,0,0,0,1
133032297468720988,585.98,585.464,0.99869,0.0356361,0.0367959,0.00214529,-0.0483189,0.893847,0.445763,0.0523527,-0.0170045,-0.446957,0.894397,-0.186315,0,0,0,1
133032297469054185,585.98,585.464,0.998668,0.0354553,0.0375463,0.00205421,-0.0484752,0.894287,0.444864,0.0525519,-0.0178039,-0.446091,0.894813,-0.186188,0,0,0,1
133032297469387382,585.98,585.464,0.998653,0.0353412,0.0380661,0.00196457,-0.048594,0.894549,0.444322,0.0526912,-0.0183488,-0.445573,0.89506,-0.186076,0,0,0,1
133032297469720578,585.98,585.464,0.99865,0.0354472,0.0380335,0.00193977,-0.0486726,0.894581,0.444249,0.0527012,-0.0182765,-0.4455,0.895098,-0.185965,0,0,0,1
133032297470053774,585.98,585.464,0.998659,0.0356405,0.0376123,0.00193477,-0.0486663,0.894374,0.444669,0.0526232,-0.0177911,-0.445902,0.894908,-0.185925,0,0,0,1
133032297470386971,585.98,585.464,0.998671,0.0357325,0.0372218,0.00193357,-0.0485877,0.894043,0.445341,0.052474,-0.0173646,-0.446557,0.89459,-0.185851,0,0,0,1
133032297470720168,585.98,585.464,0.99868,0.0356364,0.0370532,0.00190973,-0.0484323,0.893898,0.44565,0.0524043,-0.0172403,-0.446856,0.894442,-0.185789,0,0,0,1
133032297471053364,585.98,585.464,0.998677,0.0355452,0.0372282,0.00182295,-0.0484309,0.893844,0.445758,0.0523968,-0.0174315,-0.44697,0.894381,-0.185705,0,0,0,1
133032297471386560,585.98,585.464,0.998658,0.0357251,0.0375806,0.00176024,-0.0487504,0.893808,0.445795,0.0524697,-0.0176635,-0.447028,0.894349,-0.185623,0,0,0,1
133032297471719756,585.98,585.464,0.998654,0.0357601,0.0376315,0.00175548,-0.0487946,0.894053,0.445298,0.0525794,-0.0177205,-0.446534,0.894594,-0.185508,0,0,0,1
133032297472052953,585.98,585.464,0.998656,0.0361739,0.0371663,0.00178981,-0.0489463,0.894328,0.444728,0.0526829,-0.017151,-0.445949,0.894896,-0.185417,0,0,0,1
133032297472386149,585.98,585.464,0.998661,0.0364765,0.0367343,0.00182867,-0.0490185,0.894477,0.444422,0.0527546,-0.0166468,-0.445627,0.895066,-0.185315,0,0,0,1
133032297472719346,585.98,585.464,0.998662,0.0366989,0.0364909,0.00184727,-0.0491078,0.894518,0.44433,0.0527931,-0.0163349,-0.445527,0.895122,-0.185174,0,0,0,1
133032297473052542,585.98,585.464,0.998666,0.0368318,0.0362517,0.00183296,-0.049118,0.894573,0.444218,0.052821,-0.0160679,-0.445405,0.895187,-0.185006,0,0,0,1
133032297473385739,585.98,585.464,0.998658,0.0370632,0.0362391,0.00181079,-0.0493177,0.894619,0.444102,0.0528717,-0.0159603,-0.445293,0.895245,-0.184777,0,0,0,1
133032297473718935,585.98,585.464,0.998655,0.0371935,0.0361802,0.00177455,-0.0493994,0.89486,0.443608,0.0529405,-0.0158767,-0.444798,0.895493,-0.184481,0,0,0,1
133032297474052131,585.98,585.464,0.998662,0.0373252,0.0358682,0.00175762,-0.0493667,0.895203,0.442918,0.0530739,-0.0155771,-0.444095,0.895847,-0.1842,0,0,0,1
133032297474385328,585.98,585.464,0.998667,0.0375579,0.0354836,0.00176644,-0.0493936,0.895515,0.442286,0.053196,-0.0151644,-0.443448,0.896174,-0.183877,0,0,0,1
133032297474718524,585.98,585.464,0.998666,0.0378467,0.035195,0.00171995,-0.0495162,0.895758,0.441779,0.053266,-0.0148059,-0.442931,0.896436,-0.18357,0,0,0,1
133032297475051721,585.98,585.464,0.998663,0.0381738,0.0349404,0.00171804,-0.0496897,0.895958,0.441355,0.0533177,-0.0144567,-0.4425,0.896655,-0.18328,0,0,0,1
133032297475384917,585.98,585.464,0.998662,0.0384261,0.0346706,0.00168061,-0.0497957,0.89599,0.441276,0.0533262,-0.0141077,-0.442411,0.896704,-0.183038,0,0,0,1
133032297475718114,585.98,585.464,0.998668,0.0385798,0.0343214,0.00164127,-0.0497798,0.895959,0.441342,0.0533298,-0.0137235,-0.442462,0.896685,-0.18279,0,0,0,1
133032297476051310,585.98,585.464,0.998673,0.0386566,0.0341138,0.00158358,-0.0497509,0.896161,0.440935,0.0534045,-0.0135263,-0.442046,0.896893,-0.182569,0,0,0,1
133032297476384505,585.98,585.464,0.998668,0.0386931,0.0341895,0.00154114,-0.049807,0.896477,0.440284,0.0535039,-0.0136137,-0.4414,0.897209,-0.182364,0,0,0,1
133032297476717702,585.98,585.464,0.998671,0.0384278,0.0344145,0.00141239,-0.0496678,0.896501,0.440252,0.0535209,-0.0139346,-0.441375,0.897217,-0.182185,0,0,0,1
133032297477050899,585.98,585.464,0.998664,0.0380284,0.0350359,0.0012424,-0.0495796,0.89663,0.439998,0.053569,-0.0146813,-0.441147,0.897317,-0.182039,0,0,0,1
133032297477384096,585.98,585.464,0.998643,0.0376883,0.0360043,0.0010035,-0.0497011,0.896639,0.439967,0.0535638,-0.0157011,-0.441158,0.897294,-0.181895,0,0,0,1
133032297477717292,585.98,585.464,0.998646,0.0368507,0.036774,0.000763893,-0.0493027,0.896299,0.440704,0.0534561,-0.0167198,-0.441919,0.896902,-0.181756,0,0,0,1
133032297478050489,585.98,585.464,0.998657,0.0361902,0.0371291,0.000562191,-0.0488751,0.896112,0.441131,0.0533618,-0.0173068,-0.442353,0.896677,-0.181588,0,0,0,1
133032297478383685,585.98,585.464,0.998657,0.0357072,0.0375865,0.00044775,-0.0486293,0.896495,0.44038,0.0534096,-0.017971,-0.441616,0.897027,-0.181425,0,0,0,1
133032297478716881,585.98,585.464,0.998637,0.0361302,0.0377454,0.000396967,-0.0490789,0.896475,0.440372,0.0533802,-0.0179266,-0.441623,0.897024,-0.181248,0,0,0,1
133032297479050078,585.98,585.464,0.998637,0.0366204,0.037245,0.000437498,-0.0492916,0.896617,0.440057,0.0533902,-0.0172791,-0.441293,0.897199,-0.18108,0,0,0,1
133032297479383273,585.98,585.464,0.998641,0.0368388,0.0369225,0.000413895,-0.0493351,0.896876,0.439524,0.0534202,-0.0169233,-0.440748,0.897474,-0.180959,0,0,0,1
133032297479716470,585.98,585.464,0.998638,0.036515,0.0373292,0.000296831,-0.0492196,0.89699,0.439305,0.053462,-0.0174424,-0.440543,0.897565,-0.180886,0,0,0,1
133032297480049667,585.98,585.464,0.998645,0.0358433,0.0377948,0.000123978,-0.0488264,0.896894,0.439544,0.0534457,-0.0181431,-0.440793,0.897428,-0.180805,0,0,0,1
133032297480382864,585.98,585.464,0.99868,0.0351658,0.0374902,6.84261e-05,-0.0480959,0.896635,0.440152,0.0534068,-0.0181364,-0.441374,0.897143,-0.180708,0,0,0,1
133032297480716060,585.98,585.464,0.998721,0.0348063,0.0367384,0.000151634,-0.0474454,0.896567,0.440364,0.0534091,-0.0176108,-0.441543,0.89707,-0.18058,0,0,0,1
133032297481049256,585.98,585.464,0.998743,0.0351479,0.035824,0.00031662,-0.0473481,0.896566,0.440375,0.0534413,-0.0166402,-0.441516,0.897102,-0.180451,0,0,0,1
133032297481382453,585.98,585.464,0.998749,0.0359315,0.0348429,0.000559568,-0.0476161,0.896616,0.440246,0.053471,-0.0154218,-0.441353,0.897203,-0.180277,0,0,0,1
133032297481715649,585.98,585.464,0.998749,0.0371453,0.0335516,0.000919104,-0.0481384,0.89649,0.440445,0.0534998,-0.0137179,-0.441508,0.897155,-0.180088,0,0,0,1
133032297482048845,585.98,585.464,0.998744,0.0383626,0.0323101,0.00127912,-0.0486797,0.896573,0.440217,0.0535893,-0.0120804,-0.441237,0.897312,-0.179888,0,0,0,1
133032297482382042,585.98,585.464,0.99872,0.0396335,0.0314931,0.00155091,-0.0494517,0.896869,0.439527,0.0537526,-0.0108247,-0.440521,0.89768,-0.179711,0,0,0,1
133032297482715238,585.98,585.464,0.998728,0.0398786,0.0309177,0.00171471,-0.0494127,0.897102,0.439056,0.0539294,-0.0102272,-0.440024,0.89793,-0.179523,0,0,0,1
133032297483048435,585.98,585.464,0.998738,0.0393218,0.0313119,0.00166965,-0.0490763,0.897504,0.43827,0.0540734,-0.0108691,-0.439252,0.898301,-0.179303,0,0,0,1
133032297483381631,585.98,585.464,0.998725,0.0384209,0.0328149,0.00145483,-0.0489203,0.897757,0.437769,0.0541808,-0.0126404,-0.438816,0.898491,-0.179123,0,0,0,1
133032297483714828,585.98,585.464,0.998718,0.0370528,0.0345587,0.00127959,-0.0484537,0.897868,0.437594,0.0542029,-0.0148146,-0.438707,0.898511,-0.178868,0,0,0,1
133032297484048024,585.98,585.464,0.998718,0.0362791,0.0353759,0.00127745,-0.0481224,0.897726,0.43792,0.0541804,-0.0158704,-0.43906,0.89832,-0.17852,0,0,0,1
133032297484381220,585.98,585.464,0.998717,0.035868,0.0358229,0.0013628,-0.0479403,0.897974,0.437432,0.0542952,-0.0164781,-0.438588,0.89854,-0.178139,0,0,0,1
133032297484714417,585.98,585.464,0.998677,0.0358689,0.0369169,0.00139666,-0.0483886,0.898756,0.435775,0.0545382,-0.0175485,-0.436983,0.899301,-0.177731,0,0,0,1
133032297485047613,585.98,585.464,0.998639,0.0358903,0.0379044,0.00146985,-0.0488124,0.899384,0.434429,0.0547214,-0.0184989,-0.435687,0.899911,-0.177278,0,0,0,1
133032297485380809,585.98,585.464,0.99862,0.0361961,0.0381111,0.00164437,-0.0491686,0.899588,0.433966,0.0548033,-0.018576,-0.435241,0.900125,-0.176783,0,0,0,1
133032297485714006,585.98,585.464,0.998618,0.0365295,0.0378483,0.00184703,-0.0493406,0.899909,0.43328,0.0548857,-0.0182325,-0.434548,0.900467,-0.176229,0,0,0,1
133032297486047203,585.98,585.464,0.998617,0.0369425,0.0374725,0.00204706,-0.0495349,0.900256,0.432538,0.0549894,-0.0177555,-0.433795,0.900839,-0.175643,0,0,0,1
133032297486380399,585.98,585.464,0.998594,0.0375545,0.0374798,0.00218201,-0.0500672,0.900776,0.431392,0.0552036,-0.0175599,-0.432661,0.901388,-0.175048,0,0,0,1
133032297486713594,585.98,585.464,0.998548,0.0382643,0.0379817,0.00226045,-0.0508883,0.901614,0.429541,0.0555013,-0.0178085,-0.430849,0.902251,-0.174502,0,0,0,1
133032297487046792,585.98,585.464,0.99851,0.0392629,0.0379532,0.00239301,-0.0517498,0.902259,0.428081,0.0557645,-0.0174358,-0.429407,0.902945,-0.174028,0,0,0,1
133032297487379988,585.98,585.464,0.998498,0.0402353,0.0372527,0.00257421,-0.0523163,0.902514,0.427475,0.0559164,-0.0164212,-0.42878,0.903262,-0.17355,0,0,0,1
133032297487713184,585.98,585.464,0.998491,0.0412318,0.0363532,0.00274634,-0.0528223,0.902731,0.426954,0.0560345,-0.0152129,-0.428229,0.903545,-0.17306,0,0,0,1
133032297488046381,585.98,585.464,0.998491,0.0416767,0.0358309,0.00279784,-0.0529879,0.903093,0.426167,0.0562126,-0.0145974,-0.427421,0.903937,-0.172635,0,0,0,1
133032297488379577,585.98,585.464,0.998489,0.0415974,0.0359947,0.00270319,-0.0529649,0.903713,0.424854,0.05642,-0.0148558,-0.426117,0.904549,-0.172287,0,0,0,1
133032297488712773,585.98,585.464,0.998504,0.040981,0.0362832,0.00253105,-0.0525254,0.90386,0.424595,0.0564913,-0.0153944,-0.425865,0.904659,-0.171977,0,0,0,1
133032297489045970,585.98,585.464,0.998503,0.0404028,0.0369307,0.00231123,-0.0522804,0.903816,0.424718,0.056513,-0.0162185,-0.426012,0.904575,-0.171665,0,0,0,1
133032297489379166,585.98,585.464,0.998522,0.0395803,0.0372935,0.00209188,-0.0516902,0.903859,0.4247,0.0565172,-0.0168982,-0.426,0.904568,-0.171386,0,0,0,1
