373.25,201.301,760,428
133031644646625862,585.98,585.464,0.999724,0.0229523,-0.00516492,0.0162307,-0.0180642,0.889522,0.456538,0.0494443,0.0150733,-0.456319,0.88969,-0.160909,0,0,0,1
133031644646959059,585.98,585.464,0.999672,0.0248621,-0.00621316,0.0169306,-0.0192826,0.889428,0.456671,0.0495027,0.0168804,-0.456401,0.889615,-0.161173,0,0,0,1
133031644647292254,585.98,585.464,0.99963,0.0264666,-0.006372,0.0173751,-0.0206537,0.88981,0.455867,0.0497066,0.0177356,-0.455566,0.890027,-0.161515,0,0,0,1
133031644647625451,586.156,585.632,0.999592,0.0279836,-0.00582543,0.017602,-0.0222599,0.889948,0.455521,0.0499397,0.017932,-0.455205,0.890207,-0.161965,0,0,0,1
133031644647958647,586.681,586.139,0.999563,0.0291655,-0.00505984,0.0175631,-0.0236743,0.890259,0.454842,0.0502195,0.0177706,-0.454523,0.890559,-0.162527,0,0,0,1
133031644648291843,587.382,586.814,0.999556,0.0295245,-0.00420573,0.0172445,-0.0243882,0.890398,0.454532,0.0504466,0.017165,-0.454228,0.890722,-0.163122,0,0,0,1
133031644648625039,587.907,587.32,0.999587,0.0286544,-0.00274402,0.0166494,-0.0242925,0.890849,0.453652,0.0507222,0.0154439,-0.453398,0.891175,-0.163814,0,0,0,1
133031644648958236,588.433,587.826,0.99959,0.0286254,-0.00156212,0.0159284,-0.0247996,0.890741,0.453838,0.0508128,0.0143829,-0.453613,0.891084,-0.164497,0,0,0,1
133031644649291432,588.958,588.333,0.999593,0.0285582,-0.00114352,0.0150959,-0.0249223,0.890495,0.454314,0.0508665,0.0139929,-0.4541,0.890842,-0.165112,0,0,0,1
133031644649624628,589.309,588.67,0.999667,0.0258561,0.000511438,0.0139019,-0.0232893,0.891452,0.45252,0.0511572,0.0112446,-0.452381,0.891755,-0.165821,0,0,0,1
133031644649957825,589.771,589.138,0.999739,0.0225628,0.00374979,0.0125238,-0.0218204,0.891678,0.452146,0.0511613,0.00685865,-0.45211,0.891937,-0.166429,0,0,0,1
133031644650291021,590.233,589.606,0.999778,0.019893,0.00711077,0.0112545,-0.0209575,0.891492,0.452555,0.0510214,0.00266385,-0.452603,0.891709,-0.166925,0,0,0,1
133031644650624216,590.233,589.606,0.999798,0.0173369,0.0102772,0.0101674,-0.020111,0.891718,0.452148,0.0510364,-0.00132522,-0.452263,0.891885,-0.167363,0,0,0,1
133031644650957413,589.771,589.138,0.999812,0.0148444,0.0125959,0.00936759,-0.0189328,0.892135,0.451374,0.0510822,-0.00453627,-0.451528,0.892247,-0.167753,0,0,0,1
133031644651290609,589.309,588.67,0.99982,0.0130402,0.0138132,0.00893188,-0.0178736,0.892079,0.45153,0.0509423,-0.00643387,-0.451695,0.89215,-0.16801,0,0,0,1
133031644651623805,588.958,588.333,0.999821,0.0122162,0.0145291,0.00881231,-0.0174639,0.891965,0.45177,0.0508304,-0.00744021,-0.451942,0.892017,-0.168184,0,0,0,1
133031644651957001,588.433,587.826,0.999819,0.0115422,0.0152068,0.00894272,-0.0171648,0.892192,0.451335,0.0508271,-0.00835744,-0.451514,0.892226,-0.16835,0,0,0,1
133031644652290198,587.907,587.32,0.999819,0.0118772,0.0149511,0.00939107,-0.0173523,0.891965,0.451775,0.0507019,-0.00796971,-0.451952,0.892008,-0.168421,0,0,0,1
133031644652623394,587.382,586.814,0.999822,0.0128087,0.0139653,0.010015,-0.0177366,0.892035,0.451622,0.0506717,-0.00667241,-0.451789,0.892101,-0.16847,0,0,0,1
133031644652956590,586.681,586.139,0.999824,0.0134395,0.0132086,0.0106516,-0.0179576,0.892022,0.451639,0.0506271,-0.00571215,-0.451796,0.892104,-0.168482,0,0,0,1
133031644653289786,586.681,586.139,0.999816,0.0137271,0.0134346,0.0111755,-0.0183154,0.892086,0.451497,0.0506048,-0.00578645,-0.45166,0.892173,-0.168464,0,0,0,1
133031644653622983,586.681,586.139,0.999787,0.0137067,0.0155095,0.0115097,-0.0192297,0.892347,0.450944,0.0506337,-0.00765839,-0.451146,0.892418,-0.168475,0,0,0,1
133031644653956179,586.681,586.139,0.999757,0.0139208,0.0171499,0.0119159,-0.0201627,0.892238,0.451118,0.0505697,-0.0090214,-0.451353,0.892301,-0.168453,0,0,0,1
133031644654289375,586.156,585.632,0.999751,0.0145832,0.0169296,0.0125209,-0.0206602,0.89191,0.451743,0.0504633,-0.00851139,-0.451981,0.891988,-0.168457,0,0,0,1
133031644654622571,585.98,585.464,0.999749,0.0156243,0.0161338,0.0132093,-0.0212309,0.891807,0.451921,0.0504368,-0.0073269,-0.45215,0.891913,-0.16846,0,0,0,1
133031644654955767,585.98,585.464,0.999733,0.0166724,0.016038,0.0137801,-0.0221197,0.891969,0.451558,0.0505379,-0.0067763,-0.451793,0.892099,-0.168546,0,0,0,1
133031644655288964,585.98,585.464,0.999715,0.0174244,0.0164063,0.0142244,-0.0229528,0.89223,0.451,0.050669,-0.00677913,-0.451248,0.892374,-0.168745,0,0,0,1
133031644655622160,585.98,585.464,0.999695,0.0180634,0.0168714,0.0146031,-0.023733,0.892222,0.450977,0.0506514,-0.00690666,-0.451239,0.892377,-0.169025,0,0,0,1
133031644655955356,585.98,585.464,0.999678,0.019116,0.0167456,0.014999,-0.024626,0.891448,0.452456,0.0503677,-0.00627828,-0.452722,0.891631,-0.16934,0,0,0,1
133031644656288552,585.98,585.464,0.999685,0.0197584,0.0155261,0.0154612,-0.0246573,0.890467,0.454382,0.0499769,-0.00484702,-0.454622,0.890672,-0.169623,0,0,0,1
133031644656621748,585.98,585.464,0.999699,0.020359,0.0137933,0.0159073,-0.0244106,0.889535,0.456217,0.0495997,-0.00298104,-0.456416,0.889762,-0.169834,0,0,0,1
133031644656954945,585.98,585.464,0.999707,0.0206595,0.0127538,0.0161889,-0.0242065,0.888869,0.457525,0.0493479,-0.0018841,-0.457699,0.889107,-0.169942,0,0,0,1
133031644657288141,585.98,585.464,0.999716,0.0204247,0.0123818,0.0163293,-0.023828,0.888771,0.457734,0.0492891,-0.00165522,-0.457899,0.889004,-0.169983,0,0,0,1
133031644657621337,585.98,585.464,0.999728,0.0199939,0.0121173,0.0163671,-0.0233235,0.888822,0.457662,0.0492624,-0.00161916,-0.457819,0.889045,-0.169884,0,0,0,1
133031644657954533,585.98,585.464,0.999731,0.0198887,0.0119837,0.0163563,-0.0231683,0.889017,0.457291,0.0492838,-0.00155839,-0.457446,0.889238,-0.169761,0,0,0,1
133031644658287730,585.98,585.464,0.999732,0.0197203,0.0122404,0.0162348,-0.0231338,0.889498,0.456357,0.0494158,-0.00188774,-0.456517,0.889714,-0.169668,0,0,0,1
133031644658620926,585.98,585.464,0.999733,0.0192202,0.0128849,0.0160286,-0.0229804,0.889992,0.455399,0.0495526,-0.00271401,-0.455574,0.890195,-0.169622,0,0,0,1
133031644658954122,585.98,585.464,0.999738,0.0184801,0.0135974,0.0157694,-0.0226441,0.890237,0.454938,0.0496077,-0.00369704,-0.455127,0.89042,-0.169684,0,0,0,1
133031644659287318,585.98,585.464,0.999749,0.0174893,0.0140975,0.0155089,-0.0219887,0.890345,0.454759,0.0495996,-0.00459754,-0.454954,0.890504,-0.169854,0,0,0,1
133031644659620514,585.98,585.464,0.999758,0.0165437,0.0145309,0.0152646,-0.0213453,0.890231,0.455013,0.0495149,-0.00540754,-0.455214,0.890367,-0.170106,0,0,0,1
133031644659953711,585.98,585.464,0.999762,0.0159499,0.0149683,0.0150748,-0.0210214,0.889807,0.455856,0.049327,-0.00604773,-0.456062,0.889929,-0.170366,0,0,0,1
133031644660286907,585.98,585.464,0.999764,0.0157915,0.0149674,0.0149654,-0.0208843,0.88947,0.456519,0.0492111,-0.00610358,-0.456724,0.889589,-0.170754,0,0,0,1
133031644660620103,585.98,585.464,0.999767,0.0159286,0.0146326,0.0149416,-0.0208559,0.889283,0.456884,0.0491198,-0.00573459,-0.457083,0.889407,-0.171175,0,0,0,1
133031644660953299,585.98,585.464,0.999767,0.0161203,0.0144175,0.0148925,-0.0209318,0.888951,0.457527,0.0489683,-0.00544026,-0.457722,0.88908,-0.171662,0,0,0,1
133031644661286495,585.98,585.464,0.999765,0.0161583,0.0144903,0.0148218,-0.0210054,0.888433,0.458528,0.0487403,-0.00546417,-0.458725,0.888563,-0.172176,0,0,0,1
133031644661619691,585.98,585.464,0.99977,0.0159907,0.014351,0.0147498,-0.0208014,0.887675,0.460005,0.0484897,-0.00538284,-0.460198,0.887801,-0.172751,0,0,0,1
133031644661952888,585.98,585.464,0.999776,0.0159386,0.0139708,0.0147154,-0.0205873,0.88703,0.461256,0.0482742,-0.00504029,-0.46144,0.887158,-0.173266,0,0,0,1
133031644662286084,585.98,585.464,0.999781,0.0157833,0.0138096,0.014671,-0.0203778,0.886788,0.46173,0.0482153,-0.00495821,-0.46191,0.886914,-0.173791,0,0,0,1
133031644662619280,585.98,585.464,0.999773,0.0161346,0.0139475,0.0146048,-0.0207549,0.886609,0.462057,0.0481681,-0.00491041,-0.462241,0.886742,-0.174308,0,0,0,1
133031644662952476,585.98,585.464,0.999774,0.0162521,0.0137483,0.0145581,-0.0207713,0.886178,0.462883,0.0480042,-0.00466001,-0.463063,0.886314,-0.174735,0,0,0,1
133031644663285673,585.98,585.464,0.999781,0.0163982,0.0130925,0.0145297,-0.0206006,0.885782,0.463648,0.0478687,-0.00399381,-0.463816,0.885924,-0.175158,0,0,0,1
133031644663618869,585.98,585.464,0.999787,0.0163735,0.0126893,0.0144264,-0.0203935,0.885543,0.464114,0.0477819,-0.00363722,-0.464273,0.885686,-0.175579,0,0,0,1
133031644663952065,585.98,585.464,0.999788,0.0160846,0.0130068,0.0142295,-0.0202878,0.885234,0.464708,0.0476451,-0.00403887,-0.464873,0.88537,-0.175914,0,0,0,1
133031644664285261,585.98,585.464,0.999787,0.015667,0.0135591,0.0140123,-0.0201787,0.884861,0.465421,0.0475171,-0.00470582,-0.465595,0.884987,-0.176211,0,0,0,1
133031644664618457,585.98,585.464,0.999786,0.0153322,0.0139722,0.0138326,-0.020077,0.884643,0.465839,0.0474317,-0.00521773,-0.466019,0.88476,-0.176434,0,0,0,1
133031644664951653,585.98,585.464,0.999786,0.0153226,0.0139676,0.0137277,-0.0200665,0.884644,0.465838,0.0474151,-0.00521806,-0.466018,0.884761,-0.176649,0,0,0,1
133031644665284850,585.98,585.464,0.999791,0.0152941,0.0136666,0.0136787,-0.0199006,0.884683,0.46577,0.0474269,-0.00496683,-0.465945,0.884801,-0.176851,0,0,0,1
133031644665618046,585.98,585.464,0.999794,0.0152997,0.0134633,0.0136112,-0.0198102,0.884755,0.465638,0.0474668,-0.00478745,-0.465809,0.884874,-0.17701,0,0,0,1
133031644665951242,585.98,585.464,0.999791,0.0152479,0.0136735,0.0134697,-0.0198608,0.88488,0.465398,0.0475226,-0.00500256,-0.465572,0.884997,-0.177168,0,0,0,1
133031644666284438,585.98,585.464,0.999789,0.0150483,0.0140371,0.013296,-0.0198537,0.884867,0.465424,0.0475508,-0.00541675,-0.465604,0.884977,-0.17736,0,0,0,1
133031644666617634,585.98,585.464,0.999793,0.0147015,0.0141577,0.0130901,-0.0196031,0.884851,0.465464,0.0475671,-0.00568381,-0.465645,0.884954,-0.177588,0,0,0,1
133031644666950830,585.98,585.464,0.999801,0.0141708,0.0141586,0.0128673,-0.0191345,0.884806,0.465569,0.0475481,-0.00592977,-0.465747,0.884899,-0.177816,0,0,0,1
133031644667284027,585.98,585.464,0.999809,0.0136291,0.0140922,0.0126102,-0.0186277,0.884548,0.466079,0.0474654,-0.00611222,-0.466252,0.884632,-0.178054,0,0,0,1
133031644667617223,585.98,585.464,0.999819,0.01301,0.0139452,0.0123885,-0.0180157,0.884255,0.46666,0.0473841,-0.00625944,-0.466827,0.884328,-0.17826,0,0,0,1
133031644667950419,585.98,585.464,0.999826,0.0125354,0.0138648,0.0121658,-0.01756,0.884146,0.466884,0.0473488,-0.00640562,-0.467047,0.884211,-0.178453,0,0,0,1
133031644668283615,585.98,585.464,0.999831,0.0121312,0.0138733,0.011966,-0.0172083,0.884025,0.467127,0.0473234,-0.00659698,-0.467286,0.884083,-0.178594,0,0,0,1
133031644668616811,585.98,585.464,0.999834,0.011806,0.013947,0.0118073,-0.0169543,0.884097,0.467,0.0473758,-0.0068166,-0.467158,0.884148,-0.178718,0,0,0,1
133031644668950008,585.98,585.464,0.99983,0.0119293,0.0141361,0.0117016,-0.0171496,0.884223,0.466753,0.0474953,-0.00693086,-0.466915,0.884276,-0.178828,0,0,0,1
133031644669283204,585.98,585.464,0.999828,0.0118641,0.0142967,0.0116249,-0.0171657,0.884298,0.46661,0.0475414,-0.00710618,-0.466775,0.884349,-0.178836,0,0,0,1
133031644669616400,585.98,585.464,0.999829,0.0119197,0.0142288,0.0115833,-0.0171839,0.884259,0.466684,0.0475612,-0.00701892,-0.466848,0.884311,-0.178883,0,0,0,1
133031644669949596,585.98,585.464,0.999827,0.0119185,0.0143727,0.0115592,-0.0172479,0.884389,0.466435,0.0476066,-0.00715125,-0.466602,0.88444,-0.178862,0,0,0,1
133031644670282792,585.98,585.464,0.999822,0.0119747,0.0146658,0.0115726,-0.0174308,0.884631,0.465969,0.04763,-0.00739363,-0.466141,0.884681,-0.178748,0,0,0,1
133031644670615988,585.98,585.464,0.999817,0.0121179,0.0148912,0.0116246,-0.0176594,0.884805,0.46563,0.0476894,-0.00753275,-0.465807,0.884855,-0.178675,0,0,0,1
133031644670949185,585.98,585.464,0.999804,0.0126652,0.01524,0.0117674,-0.0183012,0.885116,0.465013,0.0478051,-0.00759909,-0.465201,0.885173,-0.178552,0,0,0,1
133031644671282381,585.98,585.464,0.999789,0.0136015,0.0154715,0.0119208,-0.0192307,0.885534,0.46418,0.0478927,-0.00738648,-0.464379,0.885607,-0.178419,0,0,0,1
133031644671615577,585.98,585.464,0.999776,0.0145453,0.0154476,0.012115,-0.0200531,0.885682,0.463863,0.0479489,-0.0069342,-0.464068,0.885774,-0.178296,0,0,0,1
133031644671948773,585.98,585.464,0.999767,0.0154398,0.0151518,0.0122784,-0.0207063,0.885819,0.463571,0.0479783,-0.00626367,-0.463777,0.885931,-0.178202,0,0,0,1
133031644672281970,585.98,585.464,0.999757,0.0160336,0.0152056,0.0123909,-0.0212551,0.885978,0.463244,0.0480043,-0.006044,-0.463454,0.886101,-0.178087,0,0,0,1
133031644672615165,585.98,585.464,0.999748,0.0164138,0.0153927,0.0123724,-0.0216755,0.886229,0.462745,0.047812,-0.00604567,-0.462961,0.886359,-0.177921,0,0,0,1
133031644672948362,585.98,585.464,0.999741,0.0168006,0.0154103,0.0123514,-0.0220252,0.886323,0.462548,0.0478271,-0.00588715,-0.462767,0.886461,-0.177901,0,0,0,1
133031644673281558,585.98,585.464,0.999738,0.017112,0.015244,0.0122892,-0.0222251,0.886254,0.46267,0.0478035,-0.00559241,-0.462887,0.886401,-0.177861,0,0,0,1
133031644673614754,585.98,585.464,0.999738,0.0172502,0.0151317,0.012113,-0.0222939,0.886388,0.462411,0.0478767,-0.00543544,-0.462626,0.886538,-0.177782,0,0,0,1
133031644673947950,585.98,585.464,0.999742,0.0165387,0.0156502,0.0117923,-0.0218962,0.886894,0.461457,0.0481129,-0.00624779,-0.46168,0.887026,-0.177734,0,0,0,1
133031644674281147,585.98,585.464,0.999738,0.0154484,0.0169575,0.0113519,-0.0215221,0.887509,0.460292,0.0483608,-0.00793889,-0.460535,0.887607,-0.177639,0,0,0,1
133031644674614342,585.98,585.464,0.999734,0.0143681,0.0180866,0.0109117,-0.0210779,0.887785,0.459779,0.0485212,-0.00945053,-0.460037,0.887851,-0.177604,0,0,0,1
133031644674947539,585.98,585.464,0.999731,0.0142521,0.0183553,0.0105997,-0.021098,0.887805,0.45974,0.0485609,-0.00974339,-0.460003,0.887865,-0.177542,0,0,0,1
133031644675280735,585.98,585.464,0.999725,0.014556,0.0184717,0.0102648,-0.0214189,0.887924,0.459497,0.0486546,-0.00971287,-0.459765,0.887989,-0.177573,0,0,0,1
133031644675613931,585.98,585.464,0.999706,0.0144025,0.0195709,0.00982463,-0.0217812,0.888201,0.458944,0.0487399,-0.0107725,-0.459234,0.888251,-0.17758,0,0,0,1
133031644675947127,585.98,585.464,0.999696,0.0136282,0.0205866,0.00925577,-0.0215565,0.888336,0.458692,0.0487657,-0.0120365,-0.458995,0.888359,-0.177671,0,0,0,1
133031644676280323,585.98,585.464,0.999693,0.0121672,0.0216425,0.00870919,-0.0207452,0.888277,0.458842,0.0487305,-0.0136414,-0.45915,0.888255,-0.177771,0,0,0,1
133031644676613520,585.98,585.464,0.999685,0.0109351,0.0226657,0.00828838,-0.0201279,0.888069,0.459274,0.048652,-0.0151061,-0.459584,0.888007,-0.177894,0,0,0,1
133031644676946716,585.98,585.464,0.999665,0.0103907,0.0237867,0.00798082,-0.0201625,0.88799,0.459425,0.048643,-0.0163482,-0.459749,0.8879,-0.178087,0,0,0,1
133031644677279912,585.98,585.464,0.999644,0.0107607,0.0244695,0.00785398,-0.0208015,0.888079,0.459225,0.0486743,-0.0167891,-0.45957,0.887985,-0.178295,0,0,0,1
133031644677613109,585.98,585.464,0.999637,0.0111189,0.0245991,0.0078094,-0.0211828,0.887966,0.459424,0.0486974,-0.0167344,-0.459777,0.887878,-0.178526,0,0,0,1
133031644677946304,585.98,585.464,0.999626,0.011658,0.0248066,0.00771463,-0.0217589,0.887905,0.459516,0.048709,-0.0166685,-0.459883,0.887825,-0.178779,0,0,0,1
133031644678279500,585.98,585.464,0.999615,0.0118042,0.0251298,0.00752866,-0.0220366,0.887934,0.459447,0.0488176,-0.0168892,-0.459823,0.887851,-0.179147,0,0,0,1
133031644678612697,585.98,585.464,0.999623,0.0118095,0.024811,0.00735044,-0.0218963,0.887887,0.459544,0.0488441,-0.0166013,-0.459913,0.88781,-0.179616,0,0,0,1
133031644678945893,585.98,585.464,0.999646,0.0119705,0.0237968,0.0072546,-0.0215893,0.887407,0.460485,0.0487258,-0.0156042,-0.460835,0.88735,-0.180104,0,0,0,1
133031644679279089,585.98,585.464,0.999661,0.0124272,0.0229071,0.00716889,-0.0216062,0.886719,0.461807,0.0485812,-0.0145721,-0.462145,0.886686,-0.180609,0,0,0,1
133031644679612285,585.98,585.464,0.999677,0.0126289,0.0221065,0.00702572,-0.0214228,0.886465,0.462304,0.0485851,-0.0137571,-0.462628,0.886447,-0.181153,0,0,0,1
133031644679945482,585.98,585.464,0.999703,0.0118497,0.0213381,0.00678277,-0.0203867,0.886132,0.462989,0.048552,-0.0134211,-0.463286,0.886109,-0.181605,0,0,0,1
133031644680278677,585.98,585.464,0.999717,0.0104597,0.0214057,0.00641227,-0.0192008,0.885665,0.463933,0.0485435,-0.0141048,-0.464212,0.885614,-0.181939,0,0,0,1
133031644680611874,585.98,585.464,0.999701,0.00851995,0.0229428,0.00588965,-0.0181858,0.88598,0.463373,0.0488878,-0.0163779,-0.463651,0.885868,-0.182299,0,0,0,1
133031644680945070,585.98,585.464,0.999657,0.00684958,0.0253061,0.00533593,-0.0177751,0.886631,0.462142,0.049297,-0.019271,-0.462433,0.886447,-0.182624,0,0,0,1
133031644681278266,585.98,585.464,0.999629,0.00504681,0.026807,0.00492454,-0.0168678,0.886705,0.462033,0.0494795,-0.0214372,-0.462314,0.886459,-0.182873,0,0,0,1
133031644681611462,585.98,585.464,0.999602,0.00346531,0.0280104,0.00460601,-0.0160324,0.886507,0.462444,0.0495656,-0.0232279,-0.462709,0.886208,-0.183059,0,0,0,1
133031644681944659,585.98,585.464,0.999555,0.00197089,0.029804,0.00431216,-0.0155288,0.886674,0.462139,0.0497329,-0.0255148,-0.462396,0.886309,-0.183225,0,0,0,1
