373.25,201.301,760,428
133032366123174360,586.156,585.632,0.999572,0.0219646,0.0193947,0.0055089,-0.0286974,0.867601,0.496435,0.0438235,-0.00592253,-0.496778,0.867859,-0.166243,0,0,0,1
133032366123507556,586.156,585.632,0.999577,0.022048,0.0190094,0.00567937,-0.0285797,0.86751,0.4966,0.0438221,-0.00554137,-0.496932,0.867773,-0.166363,0,0,0,1
133032366123840753,586.156,585.632,0.999581,0.0221977,0.0186412,0.00580978,-0.028528,0.867383,0.496824,0.0437818,-0.0051403,-0.497147,0.867652,-0.166397,0,0,0,1
133032366124173950,586.156,585.632,0.999586,0.0221372,0.0184463,0.00589538,-0.0283785,0.867378,0.496841,0.0437624,-0.00500084,-0.497158,0.867647,-0.166453,0,0,0,1
133032366124507146,586.156,585.632,0.999586,0.02184,0.018758,0.00588894,-0.0282757,0.86736,0.496878,0.0437396,-0.00541763,-0.497202,0.867619,-0.166495,0,0,0,1
133032366124840342,586.681,586.139,0.999581,0.02139,0.0195361,0.00580192,-0.0282727,0.867321,0.496947,0.0437298,-0.00631397,-0.49729,0.867562,-0.16656,0,0,0,1
133032366125173539,587.207,586.645,0.999573,0.0208303,0.0205396,0.00566411,-0.0282891,0.867138,0.497265,0.0436785,-0.00745183,-0.497633,0.867357,-0.166583,0,0,0,1
133032366125506735,587.732,587.151,0.999561,0.0206162,0.0213538,0.00555372,-0.0285105,0.867011,0.497475,0.0436656,-0.00825748,-0.497864,0.867217,-0.166635,0,0,0,1
133032366125839931,588.083,587.489,0.999536,0.0213895,0.0217329,0.00541401,-0.0293688,0.867059,0.49734,0.0438094,-0.00820514,-0.497747,0.867285,-0.166767,0,0,0,1
133032366126173128,588.608,587.995,0.999528,0.0216932,0.0218076,0.00513744,-0.0296579,0.867749,0.496119,0.0441711,-0.00816067,-0.496531,0.867982,-0.167061,0,0,0,1
133032366126506325,589.134,588.501,0.999537,0.0202789,0.0226998,0.00469923,-0.028846,0.869167,0.493678,0.0444634,-0.00971849,-0.494104,0.869349,-0.167495,0,0,0,1
133032366126839520,589.617,588.982,0.999532,0.0196568,0.0234508,0.0042994,-0.0286904,0.868523,0.494818,0.0443637,-0.0106406,-0.495259,0.868681,-0.16783,0,0,0,1
133032366127172717,590.079,589.45,0.999544,0.0181957,0.0241162,0.00403643,-0.0277484,0.868633,0.49468,0.044349,-0.0119465,-0.495124,0.868742,-0.168301,0,0,0,1
133032366127505914,590.695,590.074,0.99955,0.0177607,0.0242152,0.00404835,-0.0274117,0.868958,0.494128,0.0442832,-0.0122657,-0.494568,0.869053,-0.168756,0,0,0,1
133032366127839110,591.157,590.541,0.999549,0.0193927,0.02298,0.0043118,-0.028247,0.867608,0.496447,0.0440714,-0.0103097,-0.496871,0.867764,-0.169041,0,0,0,1
133032366128172306,591.157,590.541,0.999555,0.0194038,0.0226764,0.00450659,-0.0280898,0.868395,0.495078,0.0442948,-0.0100854,-0.495494,0.868554,-0.169515,0,0,0,1
133032366128505503,591.157,590.541,0.999556,0.0203661,0.0217976,0.00481319,-0.0284813,0.868885,0.494196,0.0443873,-0.00887442,-0.494597,0.869079,-0.169781,0,0,0,1
133032366128838699,591.157,590.541,0.999553,0.0223551,0.0198937,0.00526071,-0.0292765,0.868215,0.495325,0.0442622,-0.00619866,-0.495686,0.868481,-0.169899,0,0,0,1
133032366129171895,591.157,590.541,0.999551,0.0237293,0.0183196,0.00559258,-0.0296866,0.868579,0.494662,0.044349,-0.00417373,-0.494983,0.868894,-0.170031,0,0,0,1
133032366129505092,591.157,590.541,0.999543,0.0245787,0.0176386,0.00578594,-0.0300817,0.869489,0.493038,0.0445111,-0.00321785,-0.493342,0.86983,-0.170219,0,0,0,1
133032366129838288,591.157,590.541,0.999524,0.0255613,0.0173186,0.00595093,-0.0307787,0.86941,0.493133,0.0444331,-0.00245122,-0.493431,0.869783,-0.17032,0,0,0,1
133032366130171485,591.157,590.541,0.999502,0.0269829,0.0164154,0.00616241,-0.031571,0.86882,0.494121,0.0442722,-0.00092902,-0.494393,0.869239,-0.170336,0,0,0,1
133032366130504681,591.157,590.541,0.999495,0.0278517,0.0153527,0.00627565,-0.0318006,0.868793,0.494155,0.0442452,0.0004251,-0.494393,0.86924,-0.17034,0,0,0,1
133032366130837877,590.695,590.074,0.9995,0.0278362,0.0150981,0.00620842,-0.0316619,0.869324,0.49323,0.0443449,0.000604816,-0.49346,0.86977,-0.170382,0,0,0,1
133032366131171074,590.079,589.45,0.99949,0.0274272,0.0164042,0.00595307,-0.03195,0.869664,0.49261,0.0443845,-0.000754565,-0.492882,0.870097,-0.170458,0,0,0,1
133032366131504270,589.617,588.982,0.99947,0.0274041,0.0176288,0.00570369,-0.0325349,0.869339,0.493145,0.0443046,-0.00181115,-0.493457,0.86977,-0.170514,0,0,0,1
133032366131837465,589.134,588.501,0.999464,0.0274754,0.0178325,0.00558186,-0.032698,0.869176,0.493421,0.0442407,-0.00194224,-0.493739,0.869609,-0.170655,0,0,0,1
133032366132170663,588.608,587.995,0.999457,0.0276,0.0180682,0.00547838,-0.0329234,0.869024,0.493675,0.0441387,-0.00207615,-0.494001,0.86946,-0.170834,0,0,0,1
133032366132503859,588.083,587.489,0.999439,0.0281014,0.0182404,0.0053575,-0.0334469,0.868361,0.494804,0.0439503,-0.00193432,-0.495136,0.868815,-0.170998,0,0,0,1
133032366132837055,587.732,587.151,0.999428,0.0280861,0.0188786,0.00511718,-0.0337504,0.86815,0.495154,0.0438375,-0.00248209,-0.495507,0.868602,-0.171274,0,0,0,1
133032366133170252,587.207,586.645,0.999409,0.0276018,0.0205449,0.00470614,-0.0341592,0.867723,0.495874,0.0436342,-0.00413997,-0.496282,0.868153,-0.171533,0,0,0,1
133032366133503449,586.681,586.139,0.999396,0.0267811,0.0221489,0.0042522,-0.0342529,0.866865,0.497366,0.0433471,-0.00587972,-0.497824,0.867259,-0.171688,0,0,0,1
133032366133836645,586.681,586.139,0.99938,0.0265066,0.0232054,0.0039041,-0.0345487,0.86629,0.498347,0.0432515,-0.00689268,-0.498839,0.866668,-0.171798,0,0,0,1
133032366134169841,586.156,585.632,0.999349,0.0269094,0.0240474,0.00356388,-0.0353097,0.866813,0.497383,0.0434425,-0.00745979,-0.497908,0.867199,-0.171964,0,0,0,1
133032366134503038,585.98,585.464,0.999327,0.0269169,0.024972,0.0031476,-0.0357656,0.867461,0.496219,0.0436249,-0.00830523,-0.496777,0.86784,-0.172203,0,0,0,1
133032366134836234,585.98,585.464,0.999331,0.0262487,0.0255038,0.00269008,-0.0354494,0.8675,0.496173,0.0436022,-0.00910039,-0.496745,0.86785,-0.172452,0,0,0,1
133032366135169430,585.98,585.464,0.999346,0.0255976,0.0255742,0.00227022,-0.0349298,0.86696,0.497153,0.0434444,-0.00944563,-0.497721,0.867287,-0.172695,0,0,0,1
133032366135502627,585.98,585.464,0.999368,0.0250995,0.0251971,0.0019207,-0.0343167,0.866632,0.497769,0.0433006,-0.00934277,-0.498318,0.866945,-0.172969,0,0,0,1
133032366135835823,585.98,585.464,0.999402,0.0247996,0.0241181,0.00165486,-0.033524,0.866351,0.49831,0.0431952,-0.00853633,-0.49882,0.866664,-0.173227,0,0,0,1
133032366136169019,585.98,585.464,0.999434,0.0249524,0.0226023,0.0015223,-0.0329058,0.865991,0.498978,0.0430791,-0.00712248,-0.499439,0.866321,-0.173448,0,0,0,1
133032366136502216,585.98,585.464,0.999444,0.0258826,0.0210545,0.00146246,-0.0329448,0.865421,0.499963,0.0429044,-0.00528052,-0.500378,0.865792,-0.173556,0,0,0,1
133032366136835412,585.98,585.464,0.999443,0.0267652,0.0199792,0.00140333,-0.0331736,0.865039,0.500609,0.0428073,-0.00388353,-0.500992,0.865444,-0.173621,0,0,0,1
133032366137168609,585.98,585.464,0.999434,0.0277422,0.0190823,0.00134563,-0.0335702,0.864999,0.500651,0.042836,-0.00261668,-0.501007,0.86544,-0.173669,0,0,0,1
133032366137501805,585.98,585.464,0.999439,0.0281009,0.0182507,0.00127387,-0.0334638,0.865041,0.500585,0.0428994,-0.00172044,-0.500915,0.865496,-0.173671,0,0,0,1
133032366137835001,585.98,585.464,0.999449,0.0278249,0.018127,0.00111032,-0.0331622,0.865271,0.500207,0.0429692,-0.00176634,-0.500533,0.865717,-0.173661,0,0,0,1
133032366138168198,585.98,585.464,0.999442,0.0274807,0.0190093,0.00088644,-0.0333046,0.865494,0.499811,0.0430405,-0.002717,-0.500165,0.865927,-0.173682,0,0,0,1
133032366138501394,585.98,585.464,0.999431,0.0272107,0.0199807,0.00073266,-0.0335554,0.865661,0.499506,0.043087,-0.00370434,-0.499892,0.866081,-0.1737,0,0,0,1
133032366138834591,585.98,585.464,0.999431,0.0269793,0.0202815,0.000713348,-0.0335057,0.86563,0.499563,0.0430827,-0.00407808,-0.499958,0.866041,-0.173748,0,0,0,1
133032366139167787,585.98,585.464,0.999439,0.0267342,0.0201906,0.000772953,-0.0332485,0.865546,0.499726,0.0430555,-0.0041158,-0.500116,0.86595,-0.173842,0,0,0,1
133032366139500984,585.98,585.464,0.999435,0.02664,0.0205167,0.000869989,-0.0333291,0.865656,0.49953,0.0430708,-0.0044524,-0.499932,0.866055,-0.173883,0,0,0,1
133032366139834179,585.98,585.464,0.999418,0.026634,0.0213694,0.0009799,-0.0337499,0.865689,0.499443,0.0431108,-0.0051969,-0.499873,0.866085,-0.173985,0,0,0,1
133032366140167377,585.98,585.464,0.999394,0.0268312,0.0222039,0.00113893,-0.034336,0.865811,0.499192,0.0431831,-0.00583003,-0.499651,0.866208,-0.174155,0,0,0,1
133032366140500573,585.98,585.464,0.999379,0.0271243,0.0225386,0.00136328,-0.034757,0.865829,0.499132,0.0432179,-0.00597567,-0.499605,0.866234,-0.174392,0,0,0,1
133032366140833769,585.98,585.464,0.999384,0.0269351,0.0225413,0.00158548,-0.0345989,0.865465,0.499776,0.0430584,-0.00604694,-0.500248,0.865862,-0.174629,0,0,0,1
133032366141166965,585.98,585.464,0.999394,0.0266496,0.0224492,0.00176954,-0.034316,0.864607,0.501278,0.0428221,-0.00605036,-0.501743,0.864997,-0.174784,0,0,0,1
133032366141500162,585.98,585.464,0.9994,0.0261736,0.0227146,0.00192904,-0.0340409,0.864358,0.501725,0.0427589,-0.00650135,-0.502196,0.86473,-0.174949,0,0,0,1
133032366141833358,585.98,585.464,0.999398,0.0258552,0.0231836,0.00205684,-0.0339988,0.864528,0.501435,0.0428474,-0.00707755,-0.50192,0.864886,-0.175062,0,0,0,1
133032366142166554,585.98,585.464,0.9994,0.0256936,0.0232787,0.00226116,-0.0339038,0.864729,0.501095,0.0429399,-0.00725427,-0.501583,0.86508,-0.175166,0,0,0,1
133032366142499751,585.98,585.464,0.999398,0.0258186,0.0232344,0.00247884,-0.0339876,0.864876,0.500835,0.0430088,-0.00716376,-0.501322,0.865233,-0.175266,0,0,0,1
133032366142832947,585.98,585.464,0.999397,0.0259069,0.0231379,0.00269127,-0.0340159,0.864856,0.500867,0.043004,-0.00703455,-0.501351,0.865216,-0.175315,0,0,0,1
133032366143166143,585.98,585.464,0.999408,0.0255757,0.0230266,0.00284815,-0.0336733,0.864873,0.500862,0.0429976,-0.00710481,-0.50134,0.865222,-0.17536,0,0,0,1
133032366143499339,585.98,585.464,0.999418,0.0251202,0.0231264,0.00294256,-0.0333288,0.864929,0.500787,0.04303,-0.00742272,-0.501266,0.865262,-0.175408,0,0,0,1
133032366143832536,585.98,585.464,0.999417,0.0246322,0.0236893,0.00300479,-0.0331855,0.865105,0.500493,0.0430591,-0.00816482,-0.500986,0.865418,-0.175439,0,0,0,1
133032366144165733,585.98,585.464,0.999403,0.0245378,0.0243441,0.00307202,-0.0334339,0.864996,0.500665,0.0430341,-0.00877202,-0.501179,0.8653,-0.175452,0,0,0,1
133032366144498929,585.98,585.464,0.999398,0.0244954,0.024611,0.00316811,-0.0335301,0.865037,0.500588,0.0430667,-0.00902677,-0.501111,0.865337,-0.175545,0,0,0,1
133032366144832126,585.98,585.464,0.999401,0.0243611,0.0246109,0.00330162,-0.0334105,0.865232,0.500258,0.0431461,-0.00910693,-0.50078,0.865528,-0.175662,0,0,0,1
133032366145165322,585.98,585.464,0.999403,0.0241738,0.0247353,0.00341415,-0.0333107,0.865228,0.500272,0.0431471,-0.00930787,-0.500797,0.865516,-0.175807,0,0,0,1
133032366145498518,585.98,585.464,0.999398,0.0240204,0.0250653,0.00345278,-0.0333451,0.865121,0.500455,0.0431087,-0.00966287,-0.500989,0.865401,-0.176004,0,0,0,1
133032366145831715,585.98,585.464,0.999398,0.0237812,0.0252962,0.00351429,-0.0332592,0.864867,0.5009,0.0430453,-0.00996567,-0.501439,0.865137,-0.176263,0,0,0,1
133032366146164911,585.98,585.464,0.999394,0.023709,0.0255211,0.00362659,-0.0333139,0.864637,0.501292,0.0429168,-0.010181,-0.501838,0.864903,-0.176509,0,0,0,1
133032366146498107,585.98,585.464,0.999382,0.0241205,0.0256139,0.00378203,-0.0337299,0.863958,0.502435,0.0427523,-0.0100102,-0.502988,0.864237,-0.176786,0,0,0,1
133032366146831304,585.98,585.464,0.999379,0.0243935,0.0254626,0.00399184,-0.0338983,0.863516,0.503182,0.0426006,-0.00971276,-0.503732,0.863806,-0.177009,0,0,0,1
133032366147164500,585.98,585.464,0.999386,0.024547,0.0250279,0.00415993,-0.0338148,0.863353,0.503467,0.0425215,-0.00924889,-0.504003,0.863653,-0.177261,0,0,0,1
133032366147497695,585.98,585.464,0.99939,0.024383,0.0250178,0.00423121,-0.0336725,0.863119,0.503878,0.0424287,-0.00930712,-0.504413,0.863414,-0.177461,0,0,0,1
133032366147830892,585.98,585.464,0.999386,0.0239662,0.0256212,0.00422454,-0.033623,0.862817,0.504399,0.0423276,-0.0100173,-0.504949,0.863092,-0.177577,0,0,0,1
133032366148164089,585.98,585.464,0.999383,0.0235655,0.0260629,0.00421357,-0.0335067,0.862508,0.504934,0.0422637,-0.0105802,-0.505495,0.862766,-0.177647,0,0,0,1
133032366148497286,585.98,585.464,0.999387,0.0233248,0.0261225,0.00420356,-0.0333299,0.862478,0.504997,0.0422618,-0.0107509,-0.505558,0.862727,-0.177686,0,0,0,1
133032366148830482,585.98,585.464,0.999388,0.0233224,0.0261317,0.00426745,-0.0333262,0.862733,0.504564,0.0422857,-0.0107753,-0.505125,0.862981,-0.17762,0,0,0,1
133032366149163678,585.98,585.464,0.999385,0.0235229,0.0260753,0.00432682,-0.0334696,0.862782,0.50447,0.042346,-0.0106289,-0.505031,0.863038,-0.177579,0,0,0,1
133032366149496875,585.98,585.464,0.999391,0.0238806,0.0255353,0.00445175,-0.0335002,0.86306,0.503994,0.0424531,-0.0100013,-0.504541,0.863333,-0.177516,0,0,0,1
133032366149830072,585.98,585.464,0.9994,0.0242789,0.0247959,0.00460339,-0.0334645,0.863412,0.503392,0.0425928,-0.00918576,-0.503918,0.863706,-0.177481,0,0,0,1
133032366150163267,585.98,585.464,0.999396,0.0247854,0.024459,0.00470567,-0.0337258,0.863775,0.50275,0.0426929,-0.00866457,-0.50327,0.864089,-0.177417,0,0,0,1
133032366150496464,585.98,585.464,0.99938,0.0251899,0.02466,0.00470996,-0.034176,0.863802,0.502674,0.042726,-0.00863733,-0.503204,0.864127,-0.177411,0,0,0,1
133032366150829660,585.98,585.464,0.99937,0.0253155,0.024977,0.00469041,-0.0344434,0.863827,0.502614,0.0427051,-0.00885037,-0.503156,0.864153,-0.177368,0,0,0,1
133032366151162856,585.98,585.464,0.99937,0.0251418,0.0251342,0.00461483,-0.0343744,0.863716,0.502809,0.0426867,-0.0090656,-0.503355,0.864035,-0.177355,0,0,0,1
133032366151496053,585.98,585.464,0.999369,0.024922,0.0254051,0.00451922,-0.0343201,0.863757,0.502743,0.0427046,-0.00941286,-0.503296,0.864066,-0.177334,0,0,0,1
133032366151829249,585.98,585.464,0.999357,0.0248135,0.0259727,0.00438285,-0.0345106,0.863829,0.502606,0.0427024,-0.0099633,-0.503178,0.864128,-0.177334,0,0,0,1
133032366152162445,585.98,585.464,0.999339,0.0249472,0.0265543,0.00428128,-0.0349192,0.863799,0.502629,0.0426753,-0.010397,-0.503223,0.864097,-0.177385,0,0,0,1
133032366152495642,585.98,585.464,0.99932,0.0255316,0.0267025,0.00427008,-0.0355039,0.863529,0.503051,0.042614,-0.0102131,-0.503655,0.863847,-0.177464,0,0,0,1
133032366152828838,585.98,585.464,0.999326,0.025679,0.0263271,0.00420308,-0.0354464,0.86331,0.503431,0.0425131,-0.00979917,-0.504023,0.863637,-0.177581,0,0,0,1
133032366153162035,585.98,585.464,0.999339,0.0254052,0.0260802,0.00409961,-0.0350904,0.863064,0.503877,0.0423627,-0.00970599,-0.504458,0.863384,-0.177681,0,0,0,1
133032366153495230,585.98,585.464,0.999338,0.025106,0.0264283,0.00389266,-0.0350138,0.862764,0.504397,0.0422297,-0.0101364,-0.504987,0.863071,-0.177798,0,0,0,1
133032366153828428,585.98,585.464,0.999334,0.0246727,0.0269426,0.00367308,-0.0349036,0.862572,0.504733,0.0420868,-0.010785,-0.505336,0.862858,-0.177864,0,0,0,1
133032366154161624,585.98,585.464,0.999346,0.0240723,0.0270692,0.00350356,-0.0344611,0.862068,0.505622,0.0419579,-0.0111626,-0.506223,0.862333,-0.178009,0,0,0,1
133032366154494820,585.98,585.464,0.999353,0.0235494,0.0272859,0.00336146,-0.0341246,0.861865,0.505992,0.0419433,-0.0115995,-0.506594,0.86211,-0.178071,0,0,0,1
133032366154828017,585.98,585.464,0.999348,0.0231614,0.0277526,0.00320888,-0.0340136,0.862399,0.505089,0.0420885,-0.0122337,-0.505703,0.862623,-0.178248,0,0,0,1
133032366155161213,585.98,585.464,0.99935,0.0226671,0.0281107,0.00304818,-0.0337633,0.862604,0.504756,0.0421917,-0.0128054,-0.505376,0.862807,-0.178404,0,0,0,1
133032366155494410,585.98,585.464,0.999374,0.0221116,0.0277025,0.00298381,-0.0330776,0.862637,0.504744,0.0422394,-0.012735,-0.505342,0.862827,-0.178531,0,0,0,1
133032366155827606,585.98,585.464,0.999402,0.0215176,0.02713,0.00300622,-0.0322731,0.862746,0.504609,0.0422633,-0.0125465,-0.505182,0.862924,-0.178621,0,0,0,1
133032366156160802,585.98,585.464,0.999424,0.0216842,0.0261965,0.00309682,-0.0319491,0.862597,0.504885,0.0422235,-0.0116473,-0.50543,0.862792,-0.178683,0,0,0,1
133032366156493999,585.98,585.464,0.999463,0.0222502,0.0241548,0.00333834,-0.0314125,0.862244,0.505522,0.0421276,-0.00957772,-0.506008,0.862478,-0.178684,0,0,0,1
133032366156827195,585.98,585.464,0.999509,0.0225304,0.0218772,0.00354338,-0.0305033,0.86217,0.505703,0.0421183,-0.00746676,-0.506121,0.862433,-0.178604,0,0,0,1
133032366157160391,585.98,585.464,0.999531,0.0222993,0.0210907,0.00348115,-0.0298997,0.862614,0.504982,0.0422432,-0.00693066,-0.505374,0.862875,-0.178506,0,0,0,1
133032366157493588,585.98,585.464,0.999524,0.0217307,0.0220083,0.00318623,-0.0298652,0.863081,0.504185,0.0423715,-0.00803674,-0.504601,0.863318,-0.178369,0,0,0,1
133032366157826784,585.98,585.464,0.999514,0.0208139,0.0233153,0.00281906,-0.029729,0.863321,0.503782,0.042449,-0.00964122,-0.504229,0.863519,-0.178261,0,0,0,1
133032366158493177,585.98,585.464,0.999512,0.0195575,0.0244448,0.00247073,-0.0292019,0.863847,0.502909,0.042696,-0.0112792,-0.503376,0.863996,-0.17823,0,0,0,1
133032366158826373,585.98,585.464,0.999518,0.0190768,0.024584,0.002491,-0.0288465,0.864291,0.502167,0.0427876,-0.0116661,-0.502633,0.864424,-0.178294,0,0,0,1
133032366159159569,585.98,585.464,0.999525,0.0193615,0.0240784,0.00269842,-0.0288463,0.863934,0.502781,0.0426481,-0.0110656,-0.503235,0.864081,-0.178327,0,0,0,1
133032366159492765,585.98,585.464,0.999534,0.0201164,0.0230653,0.00312161,-0.0290066,0.863021,0.504338,0.0423853,-0.00975861,-0.504771,0.863201,-0.178272,0,0,0,1
133032366159825961,585.98,585.464,0.999538,0.021404,0.0216631,0.00363159,-0.0294188,0.862472,0.505252,0.0422235,-0.00786789,-0.505655,0.862703,-0.178123,0,0,0,1
133032366160159159,585.98,585.464,0.999539,0.0225383,0.0204507,0.00411725,-0.0297855,0.862362,0.505419,0.0422449,-0.00624265,-0.505793,0.862634,-0.178009,0,0,0,1
133032366160492355,585.98,585.464,0.99952,0.0232336,0.0205838,0.0044086,-0.0304496,0.862597,0.504978,0.0423064,-0.00602154,-0.505361,0.862889,-0.177886,0,0,0,1
133032366160825551,585.98,585.464,0.999481,0.0235949,0.0220598,0.00448227,-0.031506,0.862677,0.504776,0.0423551,-0.00711874,-0.505207,0.862972,-0.177853,0,0,0,1
133032366161158747,585.98,585.464,0.999446,0.0233144,0.0238441,0.00446486,-0.0321659,0.862644,0.504792,0.0423453,-0.00879879,-0.505278,0.862915,-0.177822,0,0,0,1
133032366161491944,585.98,585.464,0.999443,0.0223551,0.0248659,0.00441861,-0.0318542,0.862652,0.504797,0.0423207,-0.0101642,-0.505307,0.862883,-0.177868,0,0,0,1
133032366161825140,585.98,585.464,0.99944,0.0211304,0.0260253,0.00437784,-0.0313932,0.862236,0.505536,0.0422513,-0.0117562,-0.506069,0.862415,-0.17782,0,0,0,1
133032366162158337,585.98,585.464,0.999403,0.020463,0.0279314,0.00434542,-0.0317805,0.862295,0.505411,0.0423105,-0.0137414,-0.505995,0.86243,-0.177722,0,0,0,1
133032366162491533,585.98,585.464,0.999362,0.0202212,0.0295211,0.00445843,-0.0323665,0.862613,0.504831,0.0424798,-0.0152552,-0.505464,0.862716,-0.177589,0,0,0,1
133032366162824729,585.98,585.464,0.999352,0.0205384,0.029628,0.00479555,-0.0326828,0.862985,0.504175,0.0425937,-0.0152122,-0.504816,0.863096,-0.177365,0,0,0,1
133032366163157926,585.98,585.464,0.999367,0.0209597,0.0287668,0.00518179,-0.032608,0.863154,0.503887,0.0426683,-0.0142685,-0.504506,0.863291,-0.17718,0,0,0,1
133032366163491122,585.98,585.464,0.999359,0.0206546,0.0292687,0.00534177,-0.0325882,0.863488,0.503316,0.0427573,-0.0148776,-0.503947,0.863607,-0.176979,0,0,0,1
133032366163824318,585.98,585.464,0.999314,0.019947,0.0311925,0.00526929,-0.0329479,0.863445,0.503366,0.0427718,-0.0168921,-0.504048,0.863511,-0.176764,0,0,0,1
133032366164157515,585.98,585.464,0.999259,0.0193481,0.0332764,0.00516367,-0.0334746,0.863609,0.503049,0.0428159,-0.0190049,-0.50379,0.863617,-0.176567,0,0,0,1
133032366164490711,585.98,585.464,0.999234,0.0194827,0.0339605,0.00524116,-0.0339332,0.863659,0.502933,0.0428667,-0.0195319,-0.503699,0.863659,-0.176314,0,0,0,1
133032366164823907,585.98,585.464,0.999253,0.0195101,0.0333709,0.00540781,-0.0336507,0.863909,0.502523,0.0428987,-0.0190252,-0.503269,0.86392,-0.176037,0,0,0,1
133032366165157103,585.98,585.464,0.999257,0.0197037,0.0331377,0.00549865,-0.0337039,0.86382,0.502672,0.0428846,-0.0187205,-0.503415,0.863842,-0.175689,0,0,0,1
133032366165490300,585.98,585.464,0.999209,0.0195771,0.0346251,0.00537586,-0.034326,0.864241,0.501906,0.0429935,-0.0200987,-0.502697,0.864229,-0.175351,0,0,0,1
133032366165823496,585.98,585.464,0.999154,0.0194923,0.0362166,0.00525665,-0.0350394,0.864537,0.501346,0.0430508,-0.0215383,-0.50219,0.864489,-0.174864,0,0,0,1
133032366166156693,585.98,585.464,0.999147,0.0196082,0.0363651,0.00528741,-0.0352148,0.864518,0.501368,0.0430977,-0.0216074,-0.50222,0.86447,-0.174288,0,0,0,1
133032366166489889,585.98,585.464,0.999138,0.0198412,0.03646,0.00533366,-0.0354238,0.865447,0.499748,0.0433731,-0.0216386,-0.500608,0.865404,-0.173842,0,0,0,1
133032366166823086,585.98,585.464,0.9991,0.0200406,0.0373795,0.00522757,-0.036018,0.866298,0.498228,0.0436461,-0.0223971,-0.499125,0.866241,-0.173485,0,0,0,1
